# Blender 4.2.3 LTS
# www.blender.org
mtllib Mhouse1.mtl
o house.017
v -4.402399 0.000000 -5.720000
v -4.402399 1.500000 -5.720000
v -4.402399 0.000000 -4.280000
v -4.402399 1.500000 -4.280000
v -5.597600 0.000000 -5.720000
v -5.597600 1.500000 -5.720000
v -5.597599 0.000000 -4.280000
v -5.597599 1.500000 -4.280000
v -4.402399 0.000000 -4.907477
v -4.402399 0.000000 -5.092524
v -4.402399 1.500000 -5.092524
v -4.402399 1.500000 -4.907477
v -5.597599 0.000000 -5.092523
v -5.597599 0.000000 -4.907476
v -5.597599 1.500000 -4.907476
v -4.402399 0.000000 -5.506262
v -4.402399 1.500000 -5.506262
v -5.597599 0.000000 -5.506261
v -5.597599 0.000000 -4.493738
v -4.402399 0.000000 -4.493739
v -5.438239 0.000000 -4.280000
v -4.561759 0.000000 -4.280000
v -4.561759 1.500000 -4.280000
v -5.438239 1.500000 -4.280000
v -4.561759 0.000000 -5.720000
v -5.438239 0.000000 -5.720000
v -5.438239 1.500000 -5.720000
v -4.561759 1.500000 -5.720000
v -4.402399 0.900000 -4.280000
v -4.402399 0.900000 -5.720000
v -4.846948 1.500000 -5.648000
v -5.153050 1.500000 -5.648000
v -5.215141 0.000000 -5.648000
v -4.784858 0.000000 -5.648000
v -5.438239 0.000000 -4.352000
v -4.561759 0.000000 -4.352000
v -4.561759 1.500000 -4.352000
v -5.438239 1.500000 -4.352000
v -4.561759 0.000000 -5.648000
v -5.438239 0.000000 -5.648000
v -5.438239 1.500000 -5.648000
v -4.561759 1.500000 -5.648000
v -4.462159 0.000000 -4.493739
v -4.462159 0.000000 -4.907477
v -4.462159 1.500000 -5.506262
v -4.462159 1.500000 -5.092524
v -5.537839 0.000000 -5.506262
v -5.537839 0.000000 -5.092523
v -5.537839 1.500000 -4.493738
v -5.537839 1.500000 -4.907476
v -5.537839 1.500000 -5.092523
v -5.537839 1.500000 -5.506261
v -4.462159 0.000000 -5.092524
v -4.462159 0.000000 -5.506262
v -5.537839 0.000000 -4.907476
v -4.462159 1.500000 -4.907477
v -4.462159 1.500000 -4.493739
v -5.537839 0.000000 -4.493738
v -5.597599 0.900000 -4.280000
v -5.597600 0.900000 -5.720000
v -5.597599 0.900000 -4.907476
v -5.597599 0.900000 -5.092523
v -4.402399 0.900000 -5.092524
v -4.402399 0.900000 -4.907477
v -4.402399 0.900000 -5.506262
v -5.597599 0.900000 -5.506261
v -5.597599 0.900000 -4.493738
v -4.402399 0.900000 -4.493739
v -4.846948 0.439090 -5.648000
v -5.153050 0.439090 -5.648000
v -5.438239 0.900000 -5.720000
v -4.561759 0.900000 -5.720000
v -4.561759 0.900000 -4.280000
v -5.438239 0.900000 -4.280000
v -5.438239 0.900000 -5.648000
v -4.561759 0.900000 -5.648000
v -4.561759 0.900000 -4.352000
v -5.438239 0.900000 -4.352000
v -5.537839 0.900000 -4.907476
v -5.537839 0.900000 -5.092523
v -4.462159 0.900000 -5.092524
v -4.462159 0.900000 -4.907477
v -4.462159 0.900000 -5.506262
v -5.537839 0.900000 -5.506261
v -5.537839 0.900000 -4.493738
v -4.462159 0.900000 -4.493739
v -4.402399 1.000000 -5.720000
v -5.597600 1.000000 -5.720000
v -5.597599 1.000000 -4.280000
v -4.402399 1.000000 -4.280000
v -5.597599 1.000000 -4.907476
v -5.597599 1.000000 -5.092523
v -4.402399 1.000000 -5.092524
v -4.402399 1.000000 -4.907477
v -4.402399 1.000000 -5.506262
v -5.597599 1.000000 -5.506261
v -5.597599 1.000000 -4.493738
v -4.402399 1.000000 -4.493739
v -4.915210 1.000000 -5.648000
v -5.084788 1.000000 -5.648000
v -5.438239 1.000000 -5.720000
v -4.561759 1.000000 -5.720000
v -4.561759 1.000000 -4.280000
v -5.438239 1.000000 -4.280000
v -5.438239 1.000000 -5.648000
v -4.561759 1.000000 -5.648000
v -4.561759 1.000000 -4.352000
v -5.438239 1.000000 -4.352000
v -5.537839 1.000000 -4.907476
v -5.537839 1.000000 -5.092523
v -4.462159 1.000000 -5.092524
v -4.462159 1.000000 -4.907477
v -4.462159 1.000000 -5.506262
v -5.537839 1.000000 -5.506261
v -5.537839 1.000000 -4.493738
v -4.462159 1.000000 -4.493739
v -5.051016 1.500000 -5.648000
v -4.948982 1.500000 -5.648000
v -4.948982 0.000000 -5.648000
v -5.051016 0.000000 -5.648000
v -5.051016 0.600000 -5.648000
v -4.948982 0.600000 -5.648000
v -5.028262 1.000000 -5.648000
v -4.971736 1.000000 -5.648000
v -4.402399 0.090000 -4.280000
v -5.597599 0.090000 -4.280000
v -5.597600 0.090000 -5.720000
v -5.597599 0.090000 -4.907476
v -5.597599 0.090000 -5.092523
v -4.402399 0.090000 -5.092524
v -4.402399 0.090000 -4.907477
v -4.402399 0.090000 -5.506262
v -5.597599 0.090000 -5.506261
v -5.597599 0.090000 -4.493738
v -4.402399 0.090000 -5.720000
v -4.402399 0.090000 -4.493739
v -4.846948 0.090000 -5.648000
v -5.153050 0.090000 -5.648000
v -5.438239 0.090000 -5.720000
v -4.561759 0.090000 -5.720000
v -4.561759 0.090000 -4.280000
v -5.438239 0.090000 -4.280000
v -5.438239 0.090000 -5.648000
v -4.561759 0.090000 -5.648000
v -4.561759 0.090000 -4.352000
v -5.438239 0.090000 -4.352000
v -5.537839 0.090000 -4.907476
v -5.537839 0.090000 -5.092523
v -4.462159 0.090000 -5.092524
v -4.462159 0.090000 -4.907477
v -4.462159 0.090000 -5.506262
v -5.537839 0.090000 -5.506262
v -5.537839 0.090000 -4.493738
v -4.462159 0.090000 -4.493739
v -5.051016 0.090000 -5.648000
v -4.948982 0.090000 -5.648000
v -4.897965 1.500000 -5.648000
v -4.891862 0.551650 -5.648000
v -4.943473 1.000000 -5.648000
v -4.897965 0.000000 -5.648000
v -4.897965 0.090000 -5.648000
v -5.102034 0.000000 -5.648000
v -5.102033 1.499594 -5.648000
v -5.108137 0.551650 -5.648000
v -5.056525 0.999594 -5.648000
v -5.102034 0.090000 -5.648000
v -4.891862 0.551650 -5.614604
v -4.846948 0.439090 -5.614604
v -5.108137 0.551650 -5.614604
v -5.051016 0.600000 -5.614604
v -4.948982 0.600000 -5.614604
v -4.846948 0.090000 -5.614604
v -5.153050 0.439090 -5.614604
v -5.153050 0.090000 -5.614604
v -5.051016 0.090000 -5.614604
v -4.948982 0.090000 -5.614604
v -5.102034 0.090000 -5.614604
v -4.897965 0.090000 -5.614604
v -4.402399 0.045000 -4.280000
v -5.597599 0.045000 -4.280000
v -5.597600 0.045000 -5.720000
v -5.597599 0.045000 -4.907476
v -5.597599 0.045000 -5.092523
v -4.402399 0.045000 -5.092524
v -4.402399 0.045000 -4.907477
v -4.402399 0.045000 -5.506262
v -5.597599 0.045000 -5.506261
v -5.597599 0.045000 -4.493738
v -4.402399 0.045000 -4.493739
v -4.784858 0.045000 -5.648000
v -5.215141 0.045000 -5.648000
v -5.438239 0.045000 -5.720000
v -4.561759 0.045000 -5.720000
v -4.561759 0.045000 -4.280000
v -5.438239 0.045000 -4.280000
v -5.438239 0.045000 -5.648000
v -4.561759 0.045000 -5.648000
v -4.561759 0.045000 -4.352000
v -5.438239 0.045000 -4.352000
v -5.537839 0.045000 -4.907476
v -5.537839 0.045000 -5.092523
v -4.462159 0.045000 -5.092524
v -4.462159 0.045000 -4.907477
v -4.462159 0.045000 -5.506262
v -5.537839 0.045000 -5.506262
v -5.537839 0.045000 -4.493738
v -4.462159 0.045000 -4.493739
v -5.051016 0.045000 -5.648000
v -4.948982 0.045000 -5.648000
v -4.402399 0.045000 -5.720000
v -4.897965 0.045000 -5.648000
v -5.102034 0.045000 -5.648000
v -4.784858 0.045000 -5.749429
v -4.784858 0.000000 -5.749429
v -5.215141 0.045000 -5.749428
v -5.215141 0.000000 -5.749428
v -5.102034 0.000000 -5.749428
v -4.897965 0.000000 -5.749429
v -4.948982 0.000000 -5.749429
v -5.051016 0.000000 -5.749428
v -5.051016 0.045000 -5.749428
v -4.948982 0.045000 -5.749429
v -4.897965 0.045000 -5.749429
v -5.102034 0.045000 -5.749428
v -4.402399 1.350000 -5.720000
v -5.597600 1.350000 -5.720000
v -5.597599 1.350000 -4.280000
v -4.402399 1.350000 -4.280000
v -5.597599 1.350000 -4.907476
v -5.597599 1.350000 -5.092523
v -4.402399 1.350000 -5.092524
v -4.402399 1.350000 -4.907477
v -4.402399 1.350000 -5.506262
v -5.597599 1.350000 -5.506261
v -5.597599 1.350000 -4.493738
v -4.402399 1.350000 -4.493739
v -4.915210 1.280034 -5.648000
v -5.084788 1.280034 -5.648000
v -5.438239 1.350000 -5.720000
v -4.561759 1.350000 -5.720000
v -4.561759 1.350000 -4.280000
v -5.438239 1.350000 -4.280000
v -5.438239 1.350000 -5.648000
v -4.561759 1.350000 -5.648000
v -4.561759 1.350000 -4.352000
v -5.438239 1.350000 -4.352000
v -5.537839 1.350000 -4.907476
v -5.537839 1.350000 -5.092523
v -4.462159 1.350000 -5.092524
v -4.462159 1.350000 -4.907477
v -4.462159 1.350000 -5.506262
v -5.537839 1.350000 -5.506261
v -5.537839 1.350000 -4.493738
v -4.462159 1.350000 -4.493739
v -5.028262 1.350000 -5.648000
v -4.971736 1.350000 -5.648000
v -4.943473 1.326415 -5.648000
v -5.056525 1.326009 -5.648000
v -4.941038 1.025828 -5.667059
v -5.058961 1.025459 -5.667059
v -5.028448 1.025828 -5.667059
v -4.971736 1.025828 -5.667059
v -4.943473 1.025828 -5.667059
v -5.056525 1.025424 -5.667059
v -4.941038 1.272784 -5.667059
v -5.058961 1.272730 -5.667059
v -5.028262 1.350000 -5.667059
v -4.971736 1.350000 -5.667059
v -4.943473 1.326415 -5.667059
v -5.056525 1.326009 -5.667059
v -4.915210 1.280034 -5.667059
v -4.915210 1.000000 -5.667059
v -5.084788 1.280034 -5.667059
v -5.084788 1.000000 -5.667059
v -4.943473 1.000000 -5.667059
v -5.056525 0.999594 -5.667059
v -5.028262 1.000000 -5.667059
v -4.971736 1.000000 -5.667059
v -5.036676 1.308980 -5.667059
v -4.981097 1.324172 -5.667059
v -4.963304 1.309324 -5.667059
v -5.018778 1.324172 -5.667059
v -4.941038 1.025828 -5.626817
v -5.058961 1.025459 -5.626817
v -5.028448 1.025828 -5.626817
v -4.971736 1.025828 -5.626817
v -4.943473 1.025828 -5.626817
v -5.056525 1.025424 -5.626817
v -4.941038 1.272784 -5.626817
v -5.058961 1.272730 -5.626817
v -5.036676 1.308980 -5.626817
v -4.981097 1.324172 -5.626817
v -4.963304 1.309324 -5.626817
v -5.018778 1.324172 -5.626817
v -4.462159 1.500000 -5.368349
v -4.462159 1.500000 -5.230436
v -4.462159 0.000000 -5.230436
v -4.462159 0.000000 -5.368349
v -4.462159 0.900000 -5.368349
v -4.462159 0.900000 -5.230436
v -4.462159 1.000000 -5.368349
v -4.462159 1.000000 -5.230436
v -4.462159 0.090000 -5.368349
v -4.462159 0.090000 -5.230436
v -4.462159 0.045000 -5.368349
v -4.462159 0.045000 -5.230436
v -4.462159 1.284610 -5.368349
v -4.462159 1.284610 -5.230436
v -4.462159 0.000000 -4.631651
v -4.462159 0.000000 -4.769564
v -4.462159 1.500000 -4.769564
v -4.462159 1.500000 -4.631651
v -4.462159 0.900000 -4.769564
v -4.462159 0.900000 -4.631651
v -4.462159 1.000000 -4.769564
v -4.462159 1.000000 -4.631651
v -4.462159 0.090000 -4.769564
v -4.462159 0.090000 -4.631651
v -4.462159 0.045000 -4.769564
v -4.462159 0.045000 -4.631651
v -4.462159 1.276097 -4.769564
v -4.462159 1.276097 -4.631651
v -4.462159 1.500000 -5.322378
v -4.462159 1.500000 -5.276407
v -4.462159 0.000000 -5.276407
v -4.462159 0.000000 -5.322378
v -4.462159 0.900000 -5.322378
v -4.462159 0.900000 -5.276407
v -4.462159 1.000000 -5.322378
v -4.462159 1.000000 -5.276407
v -4.462159 0.090000 -5.322378
v -4.462159 0.090000 -5.276407
v -4.462159 0.045000 -5.322378
v -4.462159 0.045000 -5.276407
v -4.462159 1.350000 -5.322378
v -4.462159 1.350000 -5.276407
v -4.462159 1.500000 -5.253422
v -4.462159 0.900000 -5.253422
v -4.462159 1.000000 -5.253422
v -4.462159 0.090000 -5.253422
v -4.462159 0.045000 -5.253422
v -4.462159 1.325994 -5.253422
v -4.462159 0.000000 -5.253422
v -4.462159 0.000000 -5.345364
v -4.462159 1.500000 -5.345364
v -4.462159 0.900000 -5.345364
v -4.462159 1.000000 -5.345364
v -4.462159 0.090000 -5.345364
v -4.462159 0.045000 -5.345364
v -4.462159 1.325994 -5.345364
v -4.430926 1.020123 -5.348226
v -4.430926 1.020123 -5.250560
v -4.430926 1.279397 -5.348226
v -4.430926 1.279397 -5.250560
v -4.430926 1.020123 -5.322378
v -4.430926 1.020123 -5.276407
v -4.430926 1.329877 -5.313786
v -4.430926 1.329877 -5.285000
v -4.430926 1.020123 -5.253422
v -4.430926 1.313952 -5.269753
v -4.430926 1.020123 -5.345364
v -4.430926 1.313952 -5.329033
v -4.430926 1.000000 -5.253422
v -4.430926 1.000000 -5.230436
v -4.430926 1.325994 -5.253422
v -4.430926 1.284610 -5.230436
v -4.430926 1.284610 -5.368349
v -4.430926 1.000000 -5.368349
v -4.430926 1.000000 -5.345364
v -4.430926 1.000000 -5.322378
v -4.430926 1.000000 -5.276407
v -4.430926 1.325994 -5.345364
v -4.430926 1.350000 -5.322378
v -4.430926 1.350000 -5.276407
v -4.481769 1.020123 -5.348226
v -4.481769 1.020123 -5.250560
v -4.481769 1.279397 -5.348226
v -4.481769 1.279397 -5.250560
v -4.481769 1.020123 -5.322378
v -4.481769 1.020123 -5.276407
v -4.481769 1.329877 -5.313786
v -4.481769 1.329877 -5.285000
v -4.481769 1.020123 -5.253422
v -4.481769 1.313952 -5.269753
v -4.481769 1.020123 -5.345364
v -4.481769 1.313952 -5.329033
v -4.462159 0.000000 -4.677622
v -4.462159 0.000000 -4.723593
v -4.462159 1.500000 -4.723593
v -4.462159 1.500000 -4.677622
v -4.462159 0.900000 -4.723593
v -4.462159 0.900000 -4.677622
v -4.462159 1.000000 -4.723593
v -4.462159 1.000000 -4.677622
v -4.462159 0.090000 -4.723593
v -4.462159 0.090000 -4.677622
v -4.462159 0.045000 -4.723593
v -4.462159 0.045000 -4.677622
v -4.462159 1.350000 -4.723593
v -4.462159 1.350000 -4.677622
v -4.462159 1.500000 -4.654637
v -4.462159 0.900000 -4.654637
v -4.462159 1.000000 -4.654637
v -4.462159 0.090000 -4.654637
v -4.462159 0.045000 -4.654637
v -4.462159 1.321251 -4.654637
v -4.462159 0.000000 -4.654637
v -4.462159 0.000000 -4.746579
v -4.462159 1.500000 -4.746579
v -4.462159 0.900000 -4.746579
v -4.462159 1.000000 -4.746579
v -4.462159 0.090000 -4.746579
v -4.462159 0.045000 -4.746579
v -4.462159 1.321251 -4.746579
v -4.433809 1.017379 -4.654637
v -4.433809 1.017379 -4.649031
v -4.433809 1.311785 -4.669320
v -4.433809 1.271928 -4.649031
v -4.433809 1.271928 -4.752184
v -4.433809 1.017380 -4.752184
v -4.433809 1.017380 -4.746579
v -4.433809 1.017380 -4.723593
v -4.433809 1.017380 -4.677622
v -4.433809 1.311785 -4.731895
v -4.433809 1.332621 -4.715237
v -4.433809 1.332621 -4.685978
v -4.433809 1.000000 -4.654637
v -4.433809 1.000000 -4.631651
v -4.433809 1.321251 -4.654637
v -4.433809 1.276097 -4.631651
v -4.433809 1.276097 -4.769564
v -4.433809 1.000000 -4.769564
v -4.433809 1.000000 -4.746579
v -4.433809 1.000000 -4.723593
v -4.433809 1.000000 -4.677622
v -4.433809 1.321251 -4.746579
v -4.433809 1.350000 -4.723593
v -4.433809 1.350000 -4.677622
v -4.485598 1.332621 -4.715237
v -4.485598 1.017380 -4.723593
v -4.485598 1.332621 -4.685978
v -4.485598 1.017380 -4.677622
v -4.485598 1.311785 -4.669320
v -4.485598 1.017379 -4.654637
v -4.485598 1.311785 -4.731895
v -4.485598 1.017380 -4.746579
v -4.485598 1.017379 -4.649031
v -4.485598 1.271928 -4.649031
v -4.485598 1.271928 -4.752184
v -4.485598 1.017380 -4.752184
v -5.537839 0.000000 -5.368349
v -5.537839 0.000000 -5.230436
v -5.537839 1.500000 -5.230436
v -5.537839 1.500000 -5.368349
v -5.537839 0.900000 -5.230436
v -5.537839 0.900000 -5.368349
v -5.537839 1.000000 -5.230436
v -5.537839 1.000000 -5.368349
v -5.537839 0.090000 -5.230436
v -5.537839 0.090000 -5.368349
v -5.537839 0.045000 -5.230436
v -5.537839 0.045000 -5.368349
v -5.537839 1.273872 -5.230436
v -5.537839 1.273872 -5.368349
v -5.537839 1.500000 -4.631651
v -5.537839 1.500000 -4.769564
v -5.537839 0.000000 -4.769564
v -5.537839 0.000000 -4.631651
v -5.537839 0.900000 -4.631651
v -5.537839 0.900000 -4.769564
v -5.537839 1.000000 -4.631651
v -5.537839 1.000000 -4.769564
v -5.537839 0.090000 -4.631651
v -5.537839 0.090000 -4.769564
v -5.537839 0.045000 -4.631651
v -5.537839 0.045000 -4.769564
v -5.537839 1.273872 -4.631651
v -5.537839 1.273872 -4.769564
v -5.537839 1.500000 -4.677622
v -5.537839 1.500000 -4.723593
v -5.537839 0.000000 -4.723593
v -5.537839 0.000000 -4.677622
v -5.537839 0.900000 -4.677622
v -5.537839 0.900000 -4.723593
v -5.537839 1.000000 -4.677622
v -5.537839 1.000000 -4.723593
v -5.537839 0.090000 -4.677622
v -5.537839 0.090000 -4.723593
v -5.537839 0.045000 -4.677622
v -5.537839 0.045000 -4.723593
v -5.537839 1.350000 -4.677622
v -5.537839 1.350000 -4.723593
v -5.537839 1.500000 -4.746578
v -5.537839 0.900000 -4.746578
v -5.537839 1.000000 -4.746578
v -5.537839 0.090000 -4.746578
v -5.537839 0.045000 -4.746578
v -5.537839 1.325158 -4.746578
v -5.537839 0.000000 -4.746578
v -5.537839 0.000000 -4.654636
v -5.537839 1.500000 -4.654636
v -5.537839 0.900000 -4.654636
v -5.537839 1.000000 -4.654636
v -5.537839 0.090000 -4.654636
v -5.537839 0.045000 -4.654636
v -5.537839 1.325158 -4.654636
v -5.537839 0.000000 -5.322378
v -5.537839 0.000000 -5.276407
v -5.537839 1.500000 -5.276407
v -5.537839 1.500000 -5.322378
v -5.537839 0.900000 -5.276407
v -5.537839 0.900000 -5.322378
v -5.537839 1.000000 -5.276407
v -5.537839 1.000000 -5.322378
v -5.537839 0.090000 -5.276407
v -5.537839 0.090000 -5.322378
v -5.537839 0.045000 -5.276407
v -5.537839 0.045000 -5.322378
v -5.537839 1.350000 -5.276407
v -5.537839 1.350000 -5.322378
v -5.537839 1.500000 -5.345363
v -5.537839 0.900000 -5.345363
v -5.537839 1.000000 -5.345363
v -5.537839 0.090000 -5.345363
v -5.537839 0.045000 -5.345363
v -5.537839 1.325158 -5.345363
v -5.537839 0.000000 -5.345363
v -5.537839 0.000000 -5.253421
v -5.537839 1.500000 -5.253421
v -5.537839 0.900000 -5.253421
v -5.537839 1.000000 -5.253421
v -5.537839 0.090000 -5.253421
v -5.537839 0.045000 -5.253421
v -5.537839 1.325158 -5.253421
v -5.565768 1.019669 -5.345363
v -5.565768 1.019669 -5.348680
v -5.565768 1.314169 -5.328735
v -5.565768 1.269666 -5.348680
v -5.565768 1.269666 -5.250104
v -5.565768 1.019669 -5.250104
v -5.565768 1.019669 -4.746578
v -5.565768 1.019669 -4.749895
v -5.565768 1.314169 -4.729949
v -5.565768 1.269666 -4.749895
v -5.565768 1.269666 -4.651320
v -5.565768 1.019669 -4.651320
v -5.565768 1.019669 -4.654636
v -5.565768 1.019669 -4.677622
v -5.565768 1.019669 -4.723593
v -5.565768 1.314169 -4.671265
v -5.565768 1.330331 -4.686219
v -5.565768 1.330331 -4.714995
v -5.565768 1.019669 -5.253421
v -5.565768 1.019669 -5.276407
v -5.565768 1.019669 -5.322378
v -5.565768 1.314169 -5.270050
v -5.565768 1.330331 -5.285005
v -5.565768 1.330331 -5.313780
v -5.565768 1.000000 -5.345363
v -5.565768 1.000000 -5.368349
v -5.565768 1.325158 -5.345363
v -5.565768 1.273872 -5.368349
v -5.565768 1.273872 -5.230436
v -5.565768 1.000000 -5.230436
v -5.565768 1.000000 -4.746578
v -5.565768 1.000000 -4.769564
v -5.565768 1.325158 -4.746578
v -5.565768 1.273872 -4.769564
v -5.565768 1.273872 -4.631651
v -5.565768 1.000000 -4.631651
v -5.565768 1.000000 -4.654636
v -5.565768 1.000000 -4.677622
v -5.565768 1.000000 -4.723593
v -5.565768 1.325158 -4.654636
v -5.565768 1.350000 -4.677622
v -5.565768 1.350000 -4.723593
v -5.565768 1.000000 -5.253421
v -5.565768 1.000000 -5.276407
v -5.565768 1.000000 -5.322378
v -5.565768 1.325158 -5.253421
v -5.565768 1.350000 -5.276407
v -5.565768 1.350000 -5.322378
v -5.511806 1.330331 -4.686219
v -5.511806 1.019669 -4.677622
v -5.511806 1.330331 -4.714995
v -5.511806 1.019669 -4.723593
v -5.511806 1.314169 -4.729949
v -5.511806 1.019669 -4.746578
v -5.511806 1.314169 -4.671265
v -5.511806 1.019669 -4.654636
v -5.511806 1.330331 -5.285005
v -5.511806 1.019669 -5.276407
v -5.511806 1.330331 -5.313780
v -5.511806 1.019669 -5.322378
v -5.511806 1.314169 -5.328735
v -5.511806 1.019669 -5.345363
v -5.511806 1.314169 -5.270050
v -5.511806 1.019669 -5.253421
v -5.511806 1.019669 -5.348680
v -5.511806 1.269666 -5.348680
v -5.511806 1.269666 -5.250104
v -5.511806 1.019669 -5.250104
v -5.511806 1.019669 -4.749895
v -5.511806 1.269666 -4.749895
v -5.511806 1.269666 -4.651320
v -5.511806 1.019669 -4.651320
v -5.697599 1.500000 -4.398116
v -4.851481 2.312173 -4.280000
v -5.037485 2.312173 -4.280000
v -5.697599 1.500000 -4.280000
v -5.148517 2.312173 -5.720000
v -4.962174 2.312173 -5.720000
v -5.697599 1.500000 -5.109999
v -5.697599 1.500000 -4.890000
v -4.962513 2.312173 -4.280000
v -5.037824 2.312173 -5.720000
v -5.048906 2.312173 -5.644027
v -4.962513 2.312173 -4.352000
v -5.037485 2.312173 -4.352000
v -4.999999 2.569852 -4.280000
v -4.953827 2.481424 -4.398116
v -5.046171 2.481424 -5.601884
v -5.046170 2.481424 -4.280000
v -5.405395 1.570946 -5.648000
v -5.697599 1.500000 -5.720000
v -4.594604 1.570946 -5.648000
v -5.697599 1.500000 -5.601883
v -4.594604 1.570946 -5.720000
v -5.405395 1.570946 -5.720000
v -5.558371 1.570946 -5.720000
v -5.040568 1.570946 -5.720000
v -4.959430 1.570946 -5.720000
v -5.040568 1.570946 -5.648000
v -4.959430 1.570946 -5.648000
v -4.951093 2.312173 -5.644028
v -4.956143 1.500000 -5.720000
v -5.043855 1.500000 -5.720000
v -5.000000 2.569852 -5.720000
v -4.953828 2.481424 -5.720000
v -4.953828 2.481424 -5.601884
v -5.046170 2.481424 -4.398116
v -4.402399 1.500000 -4.493739
v -5.597599 1.500000 -5.506261
v -5.597599 1.500000 -5.092523
v -5.597599 1.500000 -4.493738
v -4.302399 1.500000 -5.109999
v -4.851482 2.312173 -5.720000
v -5.148516 2.312173 -4.280000
v -4.302399 1.500000 -4.280000
v -4.441628 1.570946 -5.720000
v -4.302399 1.500000 -4.398116
v -5.046171 2.481424 -5.720000
v -4.953827 2.481424 -4.280000
v -5.248517 2.312173 -5.601884
v -5.248517 2.312173 -5.720000
v -5.248516 2.312173 -4.280000
v -5.248516 2.312173 -4.398116
v -5.146171 2.406193 -5.601884
v -5.146170 2.406193 -4.280000
v -5.146170 2.406193 -4.398116
v -5.658370 1.570946 -5.601883
v -5.658370 1.570946 -5.720000
v -5.146171 2.406193 -5.720000
v -4.302399 1.500000 -4.890001
v -4.302399 1.500000 -5.720000
v -4.302399 1.500000 -5.601884
v -4.751482 2.312173 -4.398116
v -4.751482 2.312173 -4.280000
v -4.751482 2.312173 -5.720000
v -4.751482 2.312173 -5.601884
v -4.853828 2.406193 -5.720000
v -4.853827 2.406193 -4.398116
v -4.341628 1.570946 -5.601884
v -4.341628 1.570946 -5.720000
v -4.853827 2.406193 -4.280000
v -4.853828 2.406193 -5.601884
v -4.599359 1.581217 -4.352000
v -5.400639 1.581217 -4.352000
v -5.552691 1.581217 -4.280000
v -4.447307 1.581217 -4.280000
v -5.400639 1.581217 -4.280000
v -4.599359 1.581217 -4.280000
v -5.652690 1.581217 -4.280000
v -5.652690 1.581217 -4.398116
v -4.347307 1.581217 -4.398116
v -4.347307 1.581217 -4.280000
v -5.066106 0.000000 -4.352000
v -4.933892 0.000000 -4.352000
v -4.933892 1.500000 -4.352000
v -5.066106 1.500000 -4.352000
v -4.933892 0.900000 -4.352000
v -5.066106 0.900000 -4.352000
v -4.933892 1.000000 -4.352000
v -5.066106 1.000000 -4.352000
v -4.933892 0.090000 -4.352000
v -5.066106 0.090000 -4.352000
v -4.933892 0.045000 -4.352000
v -5.066106 0.045000 -4.352000
v -4.933892 1.350000 -4.352000
v -5.066106 1.350000 -4.352000
v -4.956235 1.581217 -4.352000
v -5.043763 1.581217 -4.352000
v -5.044652 1.581217 -4.280000
v -4.955345 1.581217 -4.280000
v -5.066106 1.500000 -4.280000
v -4.933892 1.500000 -4.280000
v -4.959568 2.448774 -5.594477
v -4.959568 2.448774 -4.405523
v -5.040431 2.448774 -5.594477
v -5.040430 2.448774 -4.405523
v -5.610874 1.589359 -4.891354
v -5.610874 1.589359 -5.108645
v -5.217621 2.300564 -5.594477
v -5.127999 2.382896 -5.594477
v -5.610874 1.589359 -4.405523
v -5.576523 1.651485 -5.594477
v -5.610875 1.589359 -5.594477
v -5.571549 1.660480 -4.405523
v -5.217621 2.300564 -4.405523
v -5.127998 2.382896 -4.405523
v -4.389124 1.589359 -5.108645
v -4.389124 1.589359 -4.891355
v -4.782377 2.300564 -4.405523
v -4.871999 2.382896 -4.405523
v -4.423476 1.651485 -5.594477
v -4.782377 2.300564 -5.594477
v -4.428449 1.660480 -4.405523
v -4.389124 1.589359 -5.594477
v -4.389123 1.589359 -4.405523
v -4.872000 2.382896 -5.594477
v -4.999999 2.569852 -5.601884
v -4.999999 2.569852 -4.398116
v -4.999999 2.448774 -5.594477
v -4.999999 2.448774 -4.405523
vn 1.0000 -0.0000 -0.0000
vn -0.0000 -0.0000 1.0000
vn -1.0000 -0.0000 -0.0000
vn -0.0000 -0.0000 -1.0000
vn -0.0000 1.0000 -0.0000
vn 0.6461 -0.7633 -0.0000
vn -0.6461 -0.7633 -0.0000
vn -0.0000 -1.0000 -0.0000
vn -0.9288 -0.3706 -0.0000
vn 0.9288 -0.3706 -0.0000
vn -0.8519 0.5237 -0.0000
vn -0.6471 0.7624 -0.0000
vn -0.0144 -0.9999 -0.0000
vn -0.6407 -0.7678 -0.0000
vn 0.8539 0.5204 -0.0000
vn 0.6407 0.7678 -0.0000
vn 0.0144 -0.9999 -0.0000
vn 0.0144 0.9999 -0.0000
vn -0.0144 0.9999 -0.0000
vn 0.6471 -0.7624 -0.0000
vn 0.8519 -0.5237 -0.0000
vn -0.8539 -0.5204 -0.0000
vn -0.0000 0.4856 0.8742
vn -0.0000 0.6916 0.7223
vn -0.0000 -0.4856 -0.8742
vn -0.0000 -0.4856 0.8742
vn -0.0000 0.6916 -0.7223
vn -0.0000 0.4856 -0.8742
vn -0.0000 -0.6916 -0.7223
vn -0.0000 -0.6916 0.7223
vn -0.0000 0.4537 -0.8912
vn -0.0000 0.6245 -0.7810
vn -0.0000 -0.6245 0.7810
vn -0.0000 -0.6245 -0.7810
vn -0.0000 0.6245 0.7810
vn -0.0000 0.4537 0.8912
vn -0.0000 -0.4537 0.8912
vn -0.0000 -0.4537 -0.8912
vn -0.0000 -0.4090 -0.9125
vn -0.0000 -0.6791 0.7340
vn -0.0000 -0.4090 0.9125
vn -0.0000 0.4090 0.9125
vn -0.0000 0.6791 -0.7340
vn -0.0000 0.4090 -0.9125
vn -0.0000 0.6791 0.7340
vn -0.0000 -0.6791 -0.7340
vn 0.8956 -0.4449 -0.0000
vn -0.8956 -0.4449 -0.0000
vn -0.0000 0.0054 -1.0000
vn -0.0000 -1.0000 -0.0003
vn 0.9972 -0.0036 -0.0747
vn -0.9972 -0.0036 -0.0747
vn -0.1462 0.1943 -0.9700
vn -0.8864 0.4628 -0.0000
vn -0.6012 0.7991 -0.0000
vn 0.6012 0.7991 -0.0000
vn -0.1936 0.1070 -0.9752
vn -0.6765 0.7364 -0.0000
vn -0.8751 0.4839 -0.0000
vn 0.1936 0.1070 0.9752
vn 0.1936 0.1070 -0.9752
vn 0.8751 0.4839 -0.0000
vn -0.7176 0.6964 -0.0000
vn 0.6765 0.7364 -0.0000
vn 0.0940 0.0920 -0.9913
vn 0.8864 0.4628 -0.0000
vn -0.9999 0.0092 -0.0062
vn 0.9999 0.0092 -0.0062
vn 0.7176 0.6964 -0.0000
vn -0.0940 0.0920 0.9913
vn -0.1650 0.1796 -0.9698
vn -0.1462 0.1943 0.9700
vn -0.1650 0.1796 0.9698
vn 0.1462 0.1943 -0.9700
vn 0.1462 0.1943 0.9700
vn -0.1936 0.1070 0.9752
vn 0.1650 0.1796 -0.9698
vn 0.1650 0.1796 0.9698
vn 0.0940 0.0920 0.9913
vn -0.0940 0.0920 -0.9913
vn -0.8965 -0.4380 0.0671
vn 0.8965 -0.4380 0.0671
vt 0.168559 0.744048
vt 0.168559 0.716238
vt 0.229691 0.716238
vt 0.229691 0.744048
vt 0.024707 0.744048
vt 0.024707 0.716238
vt 0.070285 0.716238
vt 0.070285 0.744048
vt 0.550051 0.965654
vt 0.550051 0.993001
vt 0.488680 0.993001
vt 0.488680 0.965654
vt 0.849849 0.408955
vt 0.849849 0.375494
vt 0.879395 0.375494
vt 0.879395 0.408955
vt 0.980061 0.906341
vt 0.980061 0.887801
vt 0.997885 0.887801
vt 0.997885 0.906341
vt 0.919022 0.375494
vt 0.919022 0.408955
vt 0.168559 0.808938
vt 0.168559 0.827478
vt 0.151467 0.827478
vt 0.151467 0.808938
vt 0.980061 0.971231
vt 0.980061 0.999041
vt 0.924871 0.999041
vt 0.924871 0.971231
vt 0.907047 0.999041
vt 0.907047 0.971231
vt 0.845205 0.748751
vt 0.845205 0.720941
vt 0.889075 0.720941
vt 0.889075 0.748751
vt 0.131417 0.716238
vt 0.131417 0.744048
vt 0.550051 0.727732
vt 0.550051 0.719527
vt 0.567209 0.719527
vt 0.567209 0.727732
vt 0.748506 0.473106
vt 0.756943 0.440923
vt 0.766402 0.440923
vt 0.753746 0.481705
vt 0.656777 0.468733
vt 0.656777 0.440923
vt 0.709651 0.440923
vt 0.722306 0.481705
vt 0.442924 0.993001
vt 0.442924 0.965654
vt 0.275270 0.716238
vt 0.275270 0.744048
vt 0.024706 0.985995
vt 0.024706 0.994338
vt 0.004114 0.994338
vt 0.004114 0.985995
vt 0.819276 0.440923
vt 0.819276 0.468733
vt 0.812865 0.114787
vt 0.844946 0.114787
vt 0.844946 0.194376
vt 0.812865 0.194376
vt 0.849849 0.700068
vt 0.849849 0.710106
vt 0.836500 0.710106
vt 0.836500 0.700068
vt 0.295863 0.716238
vt 0.295863 0.744048
vt 0.422251 0.993001
vt 0.422251 0.965654
vt 0.657135 0.957116
vt 0.657135 0.999040
vt 0.618815 0.999040
vt 0.618815 0.971230
vt 0.567844 0.295155
vt 0.525920 0.295155
vt 0.525920 0.234282
vt 0.553730 0.234282
vt 0.798200 0.760874
vt 0.798200 0.720941
vt 0.828571 0.720941
vt 0.828571 0.748751
vt 0.377712 0.757749
vt 0.377712 0.716238
vt 0.417156 0.716238
vt 0.417156 0.744047
vt 0.845205 0.990698
vt 0.845205 0.999041
vt 0.831037 0.999041
vt 0.831037 0.990698
vt 0.903242 0.720941
vt 0.903242 0.748751
vt 0.148509 0.716237
vt 0.148509 0.744048
vt 0.930101 0.375494
vt 0.930101 0.408955
vt 0.980061 0.729284
vt 0.980061 0.720941
vt 0.997885 0.720941
vt 0.997885 0.729284
vt 0.168559 0.985995
vt 0.168559 0.994338
vt 0.151467 0.994338
vt 0.151467 0.985995
vt 0.919022 0.690030
vt 0.919022 0.509339
vt 0.930101 0.509339
vt 0.930101 0.690030
vt 0.131417 0.977652
vt 0.131417 0.827478
vt 0.148509 0.827478
vt 0.148509 0.977652
vt 0.889075 0.982355
vt 0.889075 0.832181
vt 0.903242 0.832181
vt 0.903242 0.982355
vt 0.845205 0.813641
vt 0.845205 0.832181
vt 0.831037 0.832181
vt 0.831037 0.813641
vt 0.377713 0.977650
vt 0.377712 0.827477
vt 0.417157 0.827477
vt 0.417158 0.977650
vt 0.798201 0.982354
vt 0.798200 0.832180
vt 0.828571 0.832180
vt 0.828573 0.982354
vt 0.787332 0.295153
vt 0.637159 0.295154
vt 0.637159 0.234282
vt 0.787333 0.234279
vt 0.657135 0.737628
vt 0.657135 0.887801
vt 0.618815 0.887801
vt 0.618813 0.737628
vt 0.442924 0.735936
vt 0.442924 0.883611
vt 0.422251 0.883611
vt 0.422251 0.735936
vt 0.275270 0.977652
vt 0.275270 0.827478
vt 0.295863 0.827478
vt 0.295863 0.977652
vt 0.849849 0.487031
vt 0.849849 0.509339
vt 0.836500 0.509339
vt 0.836500 0.487031
vt 0.543387 0.114787
vt 0.716623 0.114787
vt 0.716623 0.194376
vt 0.543387 0.194376
vt 0.766402 0.702337
vt 0.766402 0.637616
vt 0.819276 0.552163
vt 0.819276 0.702337
vt 0.024707 0.808938
vt 0.024707 0.827478
vt 0.004114 0.827478
vt 0.004114 0.808938
vt 0.229691 0.977652
vt 0.229691 0.827478
vt 0.488680 0.735936
vt 0.488680 0.883611
vt 0.656777 0.702338
vt 0.656777 0.552163
vt 0.709651 0.637616
vt 0.709651 0.702338
vt 0.834148 0.199634
vt 0.845009 0.199634
vt 0.845009 0.230232
vt 0.834149 0.230232
vt 0.550051 0.901843
vt 0.550051 0.883611
vt 0.567209 0.883611
vt 0.567209 0.901843
vt 0.070285 0.977652
vt 0.070285 0.827478
vt 0.845205 0.982355
vt 0.924871 0.737627
vt 0.924871 0.887801
vt 0.907047 0.887801
vt 0.907047 0.737627
vt 0.980061 0.737627
vt 0.879395 0.690030
vt 0.879395 0.509339
vt 0.849849 0.690030
vt 0.550051 0.735936
vt 0.024707 0.977652
vt 0.168559 0.977652
vt 0.567209 0.965654
vt 0.004114 0.744048
vt 0.836500 0.408955
vt 0.831037 0.748751
vt 0.919022 0.487031
vt 0.930101 0.487031
vt 0.131417 0.808938
vt 0.148509 0.808938
vt 0.889075 0.813641
vt 0.903242 0.813641
vt 0.377712 0.808937
vt 0.417157 0.808937
vt 0.798200 0.813640
vt 0.828571 0.813640
vt 0.618619 0.295155
vt 0.618619 0.234282
vt 0.657135 0.906341
vt 0.618815 0.906341
vt 0.442924 0.901843
vt 0.422251 0.901843
vt 0.275270 0.808938
vt 0.295863 0.808938
vt 0.738010 0.114787
vt 0.738010 0.194376
vt 0.753746 0.533623
vt 0.819276 0.533623
vt 0.229691 0.808938
vt 0.488680 0.901843
vt 0.656777 0.533623
vt 0.722306 0.533623
vt 0.758075 0.616747
vt 0.748506 0.533623
vt 0.070285 0.808938
vt 0.924871 0.906341
vt 0.907047 0.906341
vt 0.151467 0.744048
vt 0.879395 0.487031
vt 0.997885 0.971231
vt 0.717978 0.616747
vt 0.727546 0.533698
vt 0.732786 0.533623
vt 0.728568 0.607783
vt 0.743266 0.533623
vt 0.747485 0.607783
vt 0.626153 0.199634
vt 0.642084 0.199634
vt 0.642084 0.230232
vt 0.626153 0.230232
vt 0.663805 0.199634
vt 0.679736 0.199634
vt 0.679736 0.230232
vt 0.663805 0.230232
vt 0.727546 0.473181
vt 0.719109 0.440998
vt 0.728568 0.440923
vt 0.732786 0.468733
vt 0.747485 0.440923
vt 0.743266 0.468733
vt 0.728568 0.710680
vt 0.728568 0.702338
vt 0.747485 0.702338
vt 0.747485 0.710680
vt 0.719109 0.710680
vt 0.719109 0.702338
vt 0.229691 0.985995
vt 0.070285 0.985995
vt 0.488680 0.727732
vt 0.879395 0.700068
vt 0.919022 0.700068
vt 0.924871 0.729284
vt 0.907047 0.729284
vt 0.889075 0.990698
vt 0.131417 0.985995
vt 0.756944 0.710680
vt 0.756944 0.702338
vt 0.777914 0.710680
vt 0.656777 0.710680
vt 0.698139 0.710680
vt 0.442924 0.727732
vt 0.275270 0.985995
vt 0.819276 0.710680
vt 0.533763 0.114787
vt 0.533763 0.194376
vt 0.295863 0.985995
vt 0.422251 0.727732
vt 0.657135 0.729284
vt 0.618813 0.729284
vt 0.795676 0.295153
vt 0.795676 0.234279
vt 0.798200 0.990697
vt 0.828573 0.990697
vt 0.377713 0.985993
vt 0.417158 0.985993
vt 0.903242 0.990698
vt 0.148509 0.985995
vt 0.930101 0.700068
vt 0.151467 0.977652
vt 0.997885 0.737627
vt 0.831037 0.982355
vt 0.836500 0.690030
vt 0.004114 0.977652
vt 0.567209 0.735936
vt 0.801568 0.199634
vt 0.823288 0.199634
vt 0.823288 0.230232
vt 0.801568 0.230232
vt 0.790707 0.199634
vt 0.790707 0.230232
vt 0.230213 0.009651
vt 0.228168 0.109006
vt 0.218679 0.084708
vt 0.219232 0.009570
vt 0.274136 0.009974
vt 0.274719 0.109349
vt 0.262348 0.119665
vt 0.263155 0.009893
vt 0.240386 0.119503
vt 0.241193 0.009732
vt 0.285117 0.010055
vt 0.284564 0.085193
vt 0.705534 0.199634
vt 0.779847 0.199634
vt 0.779847 0.230232
vt 0.705534 0.230232
vt 0.526042 0.199634
vt 0.600355 0.199634
vt 0.600355 0.230232
vt 0.526042 0.230232
vt 0.613665 0.798375
vt 0.613665 0.823385
vt 0.584272 0.823385
vt 0.584272 0.798375
vt 0.613665 0.928480
vt 0.613665 0.939761
vt 0.584273 0.939761
vt 0.584272 0.928480
vt 0.919022 0.710106
vt 0.930101 0.710106
vt 0.131417 0.994338
vt 0.148509 0.994338
vt 0.889075 0.999041
vt 0.903242 0.999041
vt 0.377712 0.994337
vt 0.417158 0.994337
vt 0.798200 0.999040
vt 0.828573 0.999040
vt 0.804019 0.295153
vt 0.804019 0.234279
vt 0.657135 0.720941
vt 0.618813 0.720941
vt 0.442924 0.719527
vt 0.422251 0.719527
vt 0.275270 0.994338
vt 0.295863 0.994338
vt 0.524138 0.114787
vt 0.524138 0.194376
vt 0.777914 0.719023
vt 0.819276 0.719023
vt 0.229691 0.994338
vt 0.488680 0.719527
vt 0.656777 0.719024
vt 0.698139 0.719024
vt 0.613665 0.834666
vt 0.613665 0.857228
vt 0.584272 0.857228
vt 0.584272 0.834666
vt 0.070285 0.994338
vt 0.924871 0.720941
vt 0.907047 0.720941
vt 0.879395 0.710106
vt 0.613665 0.788424
vt 0.584272 0.788424
vt 0.613665 0.973604
vt 0.613665 0.998614
vt 0.584272 0.998614
vt 0.584272 0.973604
vt 0.571232 0.998614
vt 0.571232 0.973604
vt 0.571232 0.939761
vt 0.571232 0.928480
vt 0.571232 0.903470
vt 0.584272 0.903470
vt 0.571232 0.962323
vt 0.584272 0.962323
vt 0.613665 0.962323
vt 0.613665 0.868509
vt 0.584272 0.868509
vt 0.613665 0.893519
vt 0.613665 0.903470
vt 0.584272 0.893519
vt 0.333485 0.495260
vt 0.320395 0.517234
vt 0.310144 0.514022
vt 0.326903 0.489316
vt 0.435439 0.462540
vt 0.429630 0.452006
vt 0.433220 0.449980
vt 0.439567 0.459878
vt 0.317536 0.534380
vt 0.307045 0.536887
vt 0.426871 0.447269
vt 0.424696 0.443859
vt 0.424933 0.438403
vt 0.430375 0.444779
vt 0.997885 0.999041
vt 0.151467 0.716238
vt 0.831037 0.720941
vt 0.836500 0.375494
vt 0.004114 0.716238
vt 0.567209 0.993001
vt 0.454197 0.499490
vt 0.443836 0.478592
vt 0.456029 0.473499
vt 0.466666 0.499321
vt 0.927413 0.245065
vt 0.900830 0.231334
vt 0.911259 0.199551
vt 0.951973 0.215639
vt 0.831004 0.306896
vt 0.830309 0.307438
vt 0.811401 0.308342
vt 0.811378 0.307148
vt 0.832194 0.319520
vt 0.813780 0.322619
vt 0.885601 0.229225
vt 0.889607 0.197242
vt 0.845845 0.354466
vt 0.955344 0.300054
vt 0.964200 0.317874
vt 0.854701 0.372287
vt 0.347483 0.562614
vt 0.373470 0.562265
vt 0.376777 0.571881
vt 0.345461 0.573323
vt 0.330878 0.555589
vt 0.324513 0.564189
vt 0.860104 0.233150
vt 0.865169 0.245113
vt 0.839462 0.306807
vt 0.856406 0.337700
vt 0.932296 0.297722
vt 0.840524 0.310353
vt 0.844575 0.351286
vt 0.839356 0.338599
vt 0.849186 0.331199
vt 0.848748 0.328601
vt 0.842899 0.317780
vt 0.939684 0.261750
vt 0.924770 0.271823
vt 0.894914 0.243649
vt 0.884093 0.241275
vt 0.914437 0.258960
vt 0.448793 0.500875
vt 0.364996 0.554751
vt 0.346427 0.553860
vt 0.447590 0.499163
vt 0.423471 0.465706
vt 0.325489 0.535087
vt 0.325436 0.524738
vt 0.415570 0.454654
vt 0.439606 0.488274
vt 0.336210 0.550082
vt 0.331427 0.507836
vt 0.414354 0.452954
vt 0.827385 0.360970
vt 0.826991 0.359852
vt 0.822137 0.346305
vt 0.971732 0.234402
vt 0.818987 0.302154
vt 0.848087 0.228408
vt 0.997967 0.278072
vt 0.856031 0.201572
vt 0.737457 0.813640
vt 0.737457 0.748751
vt 0.767829 0.760874
vt 0.767829 0.813640
vt 0.517215 0.361208
vt 0.509464 0.368294
vt 0.499965 0.356763
vt 0.507586 0.350675
vt 0.737456 0.999040
vt 0.737456 0.990697
vt 0.767828 0.990697
vt 0.767828 0.999040
vt 0.793138 0.999040
vt 0.793138 0.990697
vt 0.737456 0.982353
vt 0.767828 0.982354
vt 0.793138 0.982354
vt 0.737457 0.832180
vt 0.767829 0.832180
vt 0.793138 0.832180
vt 0.793138 0.813640
vt 0.737457 0.720941
vt 0.767829 0.720941
vt 0.793138 0.753202
vt 0.793138 0.720941
vt 0.298823 0.808937
vt 0.298823 0.744047
vt 0.338268 0.757749
vt 0.338268 0.808937
vt 0.425200 0.104309
vt 0.435618 0.105086
vt 0.435120 0.117528
vt 0.424782 0.116789
vt 0.298821 0.994336
vt 0.298821 0.985993
vt 0.338266 0.985993
vt 0.338266 0.994337
vt 0.371138 0.994337
vt 0.371138 0.985993
vt 0.298821 0.977650
vt 0.338266 0.977650
vt 0.371138 0.977650
vt 0.298823 0.827477
vt 0.338267 0.827477
vt 0.371138 0.827477
vt 0.371138 0.808937
vt 0.298823 0.716238
vt 0.338268 0.716238
vt 0.371138 0.749377
vt 0.371138 0.716238
vt 0.772891 0.753202
vt 0.772891 0.720941
vt 0.777952 0.720941
vt 0.777952 0.748751
vt 0.788076 0.720941
vt 0.788076 0.748751
vt 0.772890 0.982354
vt 0.772891 0.832180
vt 0.777952 0.832180
vt 0.777952 0.982354
vt 0.788076 0.832180
vt 0.788076 0.982354
vt 0.772891 0.813640
vt 0.777952 0.813640
vt 0.788076 0.813640
vt 0.772890 0.990697
vt 0.777952 0.990697
vt 0.788076 0.990697
vt 0.772890 0.999040
vt 0.777952 0.999040
vt 0.788076 0.999040
vt 0.424882 0.250316
vt 0.447299 0.250809
vt 0.446309 0.265753
vt 0.426919 0.264196
vt 0.501003 0.375950
vt 0.491368 0.364376
vt 0.482294 0.390814
vt 0.473354 0.378526
vt 0.408978 0.254581
vt 0.415336 0.266258
vt 0.485124 0.357323
vt 0.467951 0.370808
vt 0.458827 0.351720
vt 0.469225 0.344428
vt 0.493376 0.348885
vt 0.473195 0.339951
vt 0.427249 0.271549
vt 0.443020 0.272998
vt 0.437290 0.289631
vt 0.429576 0.286855
vt 0.401689 0.304951
vt 0.404866 0.289121
vt 0.419430 0.294428
vt 0.419494 0.302949
vt 0.458068 0.376987
vt 0.453223 0.354013
vt 0.446424 0.397665
vt 0.384474 0.312674
vt 0.393801 0.305876
vt 0.455751 0.390867
vt 0.385587 0.282362
vt 0.392211 0.268627
vt 0.402518 0.275894
vt 0.397660 0.286795
vt 0.380501 0.302520
vt 0.455628 0.259028
vt 0.516906 0.343950
vt 0.472723 0.397228
vt 0.463809 0.385033
vt 0.463891 0.403151
vt 0.494391 0.347534
vt 0.456742 0.377604
vt 0.409003 0.281326
vt 0.418385 0.273412
vt 0.473937 0.339016
vt 0.420882 0.290257
vt 0.425303 0.286928
vt 0.452194 0.354436
vt 0.344842 0.749377
vt 0.344842 0.716238
vt 0.351416 0.716238
vt 0.351416 0.744047
vt 0.364564 0.716238
vt 0.364564 0.744047
vt 0.344841 0.977650
vt 0.344842 0.827477
vt 0.351416 0.827477
vt 0.351415 0.977650
vt 0.364564 0.827477
vt 0.364564 0.977650
vt 0.344842 0.808937
vt 0.351416 0.808937
vt 0.364564 0.808937
vt 0.344841 0.985993
vt 0.351415 0.985993
vt 0.364564 0.985993
vt 0.344841 0.994337
vt 0.351415 0.994337
vt 0.364564 0.994337
vt 0.452354 0.223523
vt 0.436713 0.237894
vt 0.430074 0.228666
vt 0.444312 0.214772
vt 0.422525 0.246019
vt 0.418995 0.235408
vt 0.454258 0.117912
vt 0.454258 0.214772
vt 0.444312 0.117912
vt 0.383934 0.106366
vt 0.393449 0.105528
vt 0.394043 0.117816
vt 0.384966 0.118102
vt 0.391645 0.126349
vt 0.394541 0.125625
vt 0.403040 0.142978
vt 0.401501 0.143374
vt 0.434745 0.125160
vt 0.437317 0.125684
vt 0.427757 0.144465
vt 0.426334 0.144043
vt 0.384948 0.211576
vt 0.399872 0.203350
vt 0.426303 0.223718
vt 0.417279 0.228429
vt 0.413479 0.214615
vt 0.417500 0.211515
vt 0.405395 0.228914
vt 0.396361 0.223768
vt 0.404444 0.211326
vt 0.408066 0.214542
vt 0.369245 0.213600
vt 0.375098 0.117501
vt 0.379112 0.214201
vt 0.445264 0.105807
vt 0.401332 0.246711
vt 0.403510 0.235093
vt 0.385745 0.238696
vt 0.392629 0.228488
vt 0.403678 0.104628
vt 0.404245 0.116945
vt 0.369787 0.222862
vt 0.438637 0.211772
vt 0.424434 0.124116
vt 0.404740 0.124222
vt 0.402825 0.143437
vt 0.404860 0.211769
vt 0.400215 0.203835
vt 0.401290 0.143847
vt 0.426128 0.144287
vt 0.417917 0.211838
vt 0.413924 0.214974
vt 0.420509 0.142952
vt 0.408511 0.214951
vt 0.408394 0.142509
vt 0.427556 0.144696
vt 0.423284 0.203833
vt 0.420727 0.142656
vt 0.422940 0.203560
vt 0.408617 0.142101
vt 0.733776 0.906341
vt 0.733776 0.971230
vt 0.695456 0.957116
vt 0.695456 0.906341
vt 0.481390 0.683023
vt 0.481284 0.679573
vt 0.484755 0.676457
vt 0.484278 0.685133
vt 0.733779 0.720941
vt 0.733778 0.729284
vt 0.695457 0.729284
vt 0.695457 0.720941
vt 0.663522 0.720941
vt 0.663522 0.729284
vt 0.733778 0.737628
vt 0.695457 0.737628
vt 0.663522 0.737628
vt 0.733776 0.887801
vt 0.695456 0.887801
vt 0.663522 0.887801
vt 0.663522 0.906341
vt 0.733776 0.999040
vt 0.695456 0.999040
vt 0.663522 0.966625
vt 0.663522 0.999040
vt 0.618619 0.416900
vt 0.553730 0.416900
vt 0.567844 0.356027
vt 0.618620 0.356027
vt 0.266443 0.568684
vt 0.272312 0.565992
vt 0.276660 0.571089
vt 0.267164 0.575644
vt 0.804019 0.416903
vt 0.795676 0.416903
vt 0.795676 0.356029
vt 0.804019 0.356029
vt 0.804019 0.305299
vt 0.795676 0.305299
vt 0.787332 0.416903
vt 0.787332 0.356029
vt 0.787332 0.305299
vt 0.637159 0.416900
vt 0.637159 0.356027
vt 0.637159 0.305300
vt 0.618620 0.305300
vt 0.525920 0.416900
vt 0.525920 0.356027
vt 0.558335 0.305300
vt 0.525920 0.305300
vt 0.558335 0.345882
vt 0.525920 0.345882
vt 0.525920 0.335736
vt 0.553730 0.335736
vt 0.525920 0.315445
vt 0.553730 0.315445
vt 0.787332 0.345883
vt 0.637159 0.345882
vt 0.637159 0.335736
vt 0.787332 0.335737
vt 0.637159 0.315445
vt 0.787332 0.315445
vt 0.618620 0.345882
vt 0.618620 0.335736
vt 0.618620 0.315445
vt 0.795676 0.345883
vt 0.795676 0.335737
vt 0.795676 0.315445
vt 0.804019 0.345883
vt 0.804019 0.335737
vt 0.804019 0.315445
vt 0.481843 0.686200
vt 0.481385 0.686504
vt 0.482406 0.689397
vt 0.480960 0.690710
vt 0.478690 0.667327
vt 0.408084 0.653715
vt 0.405154 0.646252
vt 0.481803 0.667262
vt 0.479463 0.676311
vt 0.483105 0.671035
vt 0.275964 0.564167
vt 0.279994 0.566893
vt 0.689069 0.966625
vt 0.689069 0.999040
vt 0.682682 0.999040
vt 0.682682 0.971230
vt 0.669909 0.999040
vt 0.669909 0.971230
vt 0.689070 0.737628
vt 0.689069 0.887801
vt 0.682682 0.887801
vt 0.682683 0.737628
vt 0.669909 0.887801
vt 0.669909 0.737628
vt 0.689069 0.906341
vt 0.682682 0.906341
vt 0.669909 0.906341
vt 0.689070 0.729284
vt 0.682683 0.729284
vt 0.669909 0.729284
vt 0.689070 0.720941
vt 0.682683 0.720941
vt 0.669909 0.720941
vt 0.262808 0.570323
vt 0.262126 0.575330
vt 0.390498 0.662606
vt 0.387830 0.668838
vt 0.381320 0.668344
vt 0.387120 0.661194
vt 0.238001 0.493532
vt 0.230296 0.495825
vt 0.226419 0.491843
vt 0.236407 0.487385
vt 0.273179 0.483259
vt 0.245971 0.477129
vt 0.237925 0.443416
vt 0.275558 0.442034
vt 0.480803 0.693793
vt 0.483472 0.692542
vt 0.500577 0.696686
vt 0.500326 0.697886
vt 0.485642 0.667600
vt 0.483398 0.665380
vt 0.503802 0.666080
vt 0.503759 0.667334
vt 0.201174 0.516643
vt 0.256063 0.581537
vt 0.242056 0.593385
vt 0.187166 0.528491
vt 0.287484 0.567289
vt 0.288179 0.565704
vt 0.307446 0.584348
vt 0.306300 0.585533
vt 0.380622 0.669324
vt 0.382516 0.676441
vt 0.361470 0.680156
vt 0.360695 0.667866
vt 0.290975 0.480021
vt 0.305975 0.562467
vt 0.222604 0.485491
vt 0.214300 0.492693
vt 0.193540 0.467796
vt 0.205340 0.458328
vt 0.487076 0.686680
vt 0.502267 0.689258
vt 0.172673 0.493554
vt 0.402421 0.684189
vt 0.478780 0.689061
vt 0.397405 0.689682
vt 0.258675 0.500870
vt 0.245454 0.494397
vt 0.246425 0.485591
vt 0.267513 0.491934
vt 0.407459 0.652232
vt 0.395477 0.659347
vt 0.391426 0.655878
vt 0.226820 0.501886
vt 0.219794 0.497883
vt 0.391598 0.673793
vt 0.386270 0.675491
vt 0.223526 0.519231
vt 0.211432 0.517773
vt 0.278007 0.563091
vt 0.258831 0.501096
vt 0.280425 0.563337
vt 0.260070 0.571502
vt 0.259374 0.573580
vt 0.223405 0.519473
vt 0.260029 0.571464
vt 0.278021 0.563153
vt 0.478202 0.670616
vt 0.402198 0.683480
vt 0.392776 0.694134
vt 0.402545 0.640654
vt 0.257814 0.581961
vt 0.281331 0.575468
vt 0.267757 0.581955
vt 0.234107 0.478476
vt 0.488103 0.674811
vt 0.383776 0.659880
vt 0.387814 0.653653
vt 0.941460 0.599941
vt 0.950093 0.693240
vt 0.938935 0.679024
vt 0.938994 0.599912
vt 0.240921 0.594340
vt 0.172247 0.521255
vt 0.216970 0.614428
vt 0.156960 0.534076
vt 0.157324 0.526599
vt 0.222958 0.609406
vt 0.164821 0.520312
vt 0.234933 0.599362
vt 0.215831 0.615379
vt 0.161487 0.550027
vt 0.993432 0.600555
vt 0.983265 0.693632
vt 0.974770 0.698646
vt 0.980439 0.600401
vt 0.958504 0.698454
vt 0.954453 0.600094
vt 0.995898 0.600585
vt 0.994655 0.679683
vt 0.297355 0.594256
vt 0.369291 0.642646
vt 0.383250 0.625208
vt 0.368591 0.702014
vt 0.503746 0.675158
vt 0.274488 0.607384
vt 0.407883 0.623202
vt 0.488735 0.647928
vt 0.223200 0.448084
vt 0.480877 0.712794
vt 0.392850 0.713135
vt 0.363910 0.653344
vt 0.261403 0.610091
vt 0.259640 0.610312
vt 0.259011 0.371627
vt 0.291615 0.349981
vt 0.322922 0.397139
vt 0.290318 0.418784
vt 0.258558 0.300189
vt 0.289865 0.347346
vt 0.257261 0.368992
vt 0.225954 0.321834
vt 0.015217 0.650503
vt 0.030389 0.663366
vt 0.001217 0.699309
vt 0.007949 0.683500
vt 0.450781 0.545828
vt 0.448697 0.566757
vt 0.400586 0.572341
vt 0.414621 0.565540
vt 0.141099 0.585113
vt 0.191325 0.650005
vt 0.178735 0.645964
vt 0.138636 0.595291
vt 0.623638 0.503876
vt 0.611899 0.519923
vt 0.537830 0.552114
vt 0.933842 0.405380
vt 0.933841 0.400370
vt 0.933841 0.395359
vt 0.933841 0.385338
vt 0.933841 0.380327
vt 0.933841 0.375317
vt 0.933842 0.345253
vt 0.957509 0.345253
vt 0.957509 0.435444
vt 0.933842 0.435444
vt 0.626486 0.470945
vt 0.625018 0.655861
vt 0.626042 0.688963
vt 0.449403 0.601935
vt 0.448821 0.580433
vt 0.613794 0.637315
vt 0.528684 0.604092
vt 0.933842 0.535910
vt 0.933842 0.530899
vt 0.933842 0.525888
vt 0.933842 0.515867
vt 0.933842 0.510856
vt 0.933842 0.505846
vt 0.933842 0.475782
vt 0.957509 0.475782
vt 0.957509 0.565973
vt 0.933842 0.565973
vt 0.460162 0.093598
vt 0.460162 0.088320
vt 0.460162 0.083042
vt 0.460162 0.072486
vt 0.460162 0.067209
vt 0.460162 0.061931
vt 0.460162 0.030263
vt 0.482390 0.030263
vt 0.482390 0.125265
vt 0.460162 0.125266
vt 0.460162 0.231090
vt 0.460162 0.225813
vt 0.460162 0.220535
vt 0.460162 0.209979
vt 0.460162 0.204701
vt 0.460162 0.199423
vt 0.460162 0.167756
vt 0.482390 0.167756
vt 0.482390 0.262758
vt 0.460162 0.262758
vt 0.039889 0.673874
vt 0.046685 0.469848
vt 0.075342 0.497846
vt 0.069185 0.515076
vt 0.042766 0.491491
vt 0.209082 0.645590
vt 0.234098 0.676891
vt 0.212170 0.678641
vt 0.860420 0.123757
vt 0.917459 0.004945
vt 0.919206 0.151169
vt 0.142269 0.538920
vt 0.150947 0.547402
vt 0.167278 0.565450
vt 0.174851 0.574916
vt 0.181996 0.584339
vt 0.221996 0.635491
vt 0.153629 0.575173
vt 0.139893 0.560016
vt 0.086672 0.485999
vt 0.133597 0.530876
vt 0.128757 0.571494
vt 0.914449 0.003542
vt 0.852647 0.136075
vt 0.849591 0.004317
vt 0.117116 0.571472
vt 0.071804 0.527015
vt 0.037475 0.650729
vt 0.113393 0.573550
vt 0.135286 0.601616
vt 0.054367 0.666205
vt 0.051179 0.690253
vt 0.017617 0.694194
vt 0.414118 0.579816
vt 0.260009 0.229061
vt 0.250157 0.206558
vt 0.256962 0.206470
vt 0.265609 0.226780
vt 0.228720 0.214981
vt 0.226055 0.193762
vt 0.241686 0.197708
vt 0.311084 0.189071
vt 0.293679 0.179288
vt 0.304633 0.159314
vt 0.322789 0.169986
vt 0.519586 0.008307
vt 0.519586 0.121253
vt 0.430018 0.000959
vt 0.458773 0.024279
vt 0.434998 0.027299
vt 0.419108 0.014412
vt 0.000959 0.639137
vt 0.022039 0.477469
vt 0.997113 0.479592
vt 0.997113 0.586818
vt 0.288819 0.215005
vt 0.310262 0.206577
vt 0.320121 0.229085
vt 0.298485 0.238592
vt 0.250032 0.705574
vt 0.224065 0.700661
vt 0.369896 0.000959
vt 0.398669 0.024266
vt 0.374891 0.027301
vt 0.358991 0.014420
vt 0.238379 0.238561
vt 0.019729 0.451146
vt 0.370654 0.408225
vt 0.360212 0.392019
vt 0.353854 0.369365
vt 0.362971 0.383496
vt 0.644716 0.697926
vt 0.646339 0.720756
vt 0.627069 0.711821
vt 0.449632 0.624386
vt 0.429324 0.601111
vt 0.398669 0.414950
vt 0.361251 0.439048
vt 0.349976 0.421542
vt 0.318113 0.137927
vt 0.334738 0.149533
vt 0.339522 0.405297
vt 0.250340 0.264454
vt 0.271208 0.253757
vt 0.410263 0.025318
vt 0.426075 0.038235
vt 0.421622 0.394015
vt 0.331326 0.253788
vt 0.335943 0.249007
vt 0.415097 0.371106
vt 0.364683 0.039825
vt 0.366201 0.047274
vt 0.357108 0.058411
vt 0.997113 0.324408
vt 0.997113 0.431634
vt 0.061072 0.705574
vt 0.430973 0.545421
vt 0.452296 0.523944
vt 0.628628 0.448755
vt 0.037668 0.699590
vt 0.400930 0.407301
vt 0.310453 0.264492
vt 0.348871 0.026914
vt 0.274633 0.149536
vt 0.258015 0.137931
vt 0.131366 0.409677
vt 0.092631 0.409677
vt 0.092870 0.400876
vt 0.131128 0.400876
vt 0.262685 0.169980
vt 0.244536 0.159309
vt 0.430750 0.408173
vt 0.410067 0.421495
vt 0.423062 0.383448
vt 0.519585 0.171768
vt 0.004581 0.663015
vt 0.519586 0.284714
vt 0.250981 0.189057
vt 0.233583 0.179276
vt 0.458773 0.414898
vt 0.421346 0.439006
vt 0.257479 0.189746
vt 0.258153 0.198106
vt 0.645151 0.463011
vt 0.647721 0.440923
vt 0.654859 0.661662
vt 0.641642 0.663097
vt 0.634370 0.593720
vt 0.647445 0.593350
vt 0.640887 0.497024
vt 0.622806 0.590550
vt 0.620648 0.573835
vt 0.609167 0.561324
vt 0.612105 0.520227
vt 0.647818 0.570826
vt 0.634537 0.570430
vt 0.654859 0.498415
vt 0.614234 0.637220
vt 0.611037 0.603032
vt 0.617985 0.590550
vt 0.622255 0.574065
vt 0.537807 0.553574
vt 0.738010 0.006922
vt 0.812865 0.006922
vt 0.812865 0.086510
vt 0.738010 0.086510
vt 0.524138 0.006922
vt 0.533763 0.006922
vt 0.533763 0.086510
vt 0.524138 0.086510
vt 0.543387 0.006922
vt 0.543387 0.086510
vt 0.716623 0.006922
vt 0.716623 0.086510
vt 0.844946 0.006922
vt 0.844946 0.086510
vt 0.607110 0.602741
vt 0.519932 0.600012
vt 0.518529 0.585245
vt 0.610049 0.590464
vt 0.927781 0.137288
vt 0.928300 0.001764
vt 0.994464 0.001449
vt 0.996482 0.158528
vt 0.937227 0.129089
vt 0.996482 0.007205
vt 0.216668 0.324237
vt 0.216668 0.327094
vt 0.007330 0.327094
vt 0.007330 0.324237
vt 0.216668 0.334839
vt 0.007330 0.334839
vt 0.007330 0.400876
vt 0.007330 0.395132
vt 0.007330 0.343440
vt 0.216668 0.343440
vt 0.216667 0.395859
vt 0.216667 0.400876
vt 0.129034 0.018744
vt 0.214574 0.018744
vt 0.216667 0.252615
vt 0.216668 0.305034
vt 0.007330 0.305034
vt 0.005857 0.256133
vt 0.005236 0.018744
vt 0.090776 0.018744
vt 0.216668 0.313635
vt 0.007330 0.313635
vt 0.216668 0.321379
vt 0.007330 0.321379
vt 0.090537 0.009943
vt 0.129272 0.009943
vt 0.301787 0.197726
vt 0.317584 0.189758
vt 0.318260 0.198122
vt 0.275823 0.248978
vt 0.278184 0.154097
vt 0.217972 0.409677
vt 0.327482 0.172537
vt 0.338291 0.154095
vt 0.267376 0.172531
vt 0.215878 0.009943
vt 0.317069 0.206488
vt 0.325722 0.226803
vt 0.003932 0.009943
vt 0.418337 0.057026
vt 0.006026 0.409677
vt 0.426286 0.047291
vt 0.286150 0.193781
vt 0.070737 0.530786
vt 0.037390 0.646251
vt 0.055055 0.667821
vt 0.172590 0.647077
vt 0.277481 0.192031
vt 0.276903 0.192031
vt 0.276903 0.193365
vt 0.276903 0.193587
vt 0.276903 0.193809
vt 0.276903 0.194254
vt 0.276903 0.194476
vt 0.276903 0.194699
vt 0.276903 0.196032
vt 0.277481 0.196032
vt 0.277481 0.197822
vt 0.276903 0.197822
vt 0.276903 0.199155
vt 0.276903 0.199377
vt 0.276903 0.199600
vt 0.276903 0.200044
vt 0.276903 0.200267
vt 0.276903 0.200489
vt 0.276903 0.201822
vt 0.277481 0.201822
vt 0.277481 0.203889
vt 0.275940 0.203889
vt 0.275940 0.203193
vt 0.272341 0.203193
vt 0.271063 0.203193
vt 0.267464 0.203193
vt 0.267464 0.203889
vt 0.265923 0.203889
vt 0.265923 0.201822
vt 0.266501 0.201822
vt 0.266501 0.200489
vt 0.266501 0.200267
vt 0.266501 0.200044
vt 0.266501 0.199600
vt 0.266501 0.199377
vt 0.266501 0.199155
vt 0.266501 0.197822
vt 0.265923 0.197822
vt 0.265923 0.196032
vt 0.266501 0.196032
vt 0.266501 0.194699
vt 0.266501 0.194476
vt 0.266501 0.194254
vt 0.266501 0.193809
vt 0.266501 0.193587
vt 0.266501 0.193365
vt 0.266501 0.192031
vt 0.265923 0.192031
vt 0.265923 0.189964
vt 0.267464 0.189964
vt 0.267464 0.190661
vt 0.269622 0.190661
vt 0.270715 0.190661
vt 0.271209 0.190661
vt 0.272195 0.190661
vt 0.272689 0.190661
vt 0.273782 0.190661
vt 0.275940 0.190661
vt 0.275940 0.189964
vt 0.277481 0.189964
s 1
usemtl Material.001
f 236/1/1 642/2/1 4/3/1 228/4/1
f 242/5/2 24/6/2 8/7/2 227/8/2
f 234/9/3 643/10/3 6/11/3 226/12/3
f 240/13/4 28/14/4 2/15/4 225/16/4
f 91/17/2 61/18/2 79/19/2 109/20/2
f 225/16/1 2/15/1 17/21/1 233/22/1
f 98/23/4 68/24/4 86/25/4 116/26/4
f 229/27/3 15/28/3 644/29/3 230/30/3
f 230/30/4 644/29/4 51/31/4 248/32/4
f 231/33/1 11/34/1 12/35/1 232/36/1
f 227/8/3 8/7/3 645/37/3 235/38/3
f 187/39/2 18/40/2 47/41/2 205/42/2
f 257/43/4 157/44/4 31/45/4 237/46/4
f 243/47/4 41/48/4 32/49/4 238/50/4
f 226/12/4 6/11/4 27/51/4 239/52/4
f 228/4/2 4/3/2 23/53/2 241/54/2
f 195/55/1 21/56/1 35/57/1 199/58/1
f 237/46/4 31/45/4 42/59/4 244/60/4
f 700/61/2 690/62/2 38/63/2 246/64/2
f 193/65/3 25/66/3 39/67/3 197/68/3
f 241/54/3 23/53/3 37/69/3 245/70/3
f 239/52/1 27/51/1 41/71/1 243/72/1
f 464/73/3 454/74/3 52/75/3 252/76/3
f 478/77/3 466/78/3 50/79/3 247/80/3
f 308/81/1 296/82/1 46/83/1 249/84/1
f 322/85/1 312/86/1 57/87/1 254/88/1
f 184/89/4 10/90/4 53/91/4 202/92/4
f 232/36/2 12/35/2 56/93/2 250/94/2
f 235/38/4 645/37/4 49/95/4 253/96/4
f 233/22/2 17/21/2 45/97/2 251/98/2
f 182/99/2 14/100/2 55/101/2 200/102/2
f 189/103/4 20/104/4 43/105/4 207/106/4
f 132/107/2 65/108/2 83/109/2 151/110/2
f 134/111/4 67/112/4 85/113/4 153/114/4
f 131/115/2 64/116/2 82/117/2 150/118/2
f 93/119/4 63/120/4 81/121/4 111/122/4
f 318/123/1 314/124/1 86/125/1 154/126/1
f 304/127/1 300/128/1 81/129/1 149/130/1
f 474/131/3 470/132/3 79/133/3 147/134/3
f 460/135/3 456/136/3 84/137/3 152/138/3
f 139/139/1 71/140/1 75/141/1 143/142/1
f 141/143/3 73/144/3 77/145/3 145/146/3
f 102/147/3 72/148/3 76/149/3 106/150/3
f 696/151/2 692/152/2 78/153/2 146/154/2
f 137/155/4 69/156/4 76/157/4 144/158/4
f 104/159/1 74/160/1 78/161/1 108/162/1
f 125/163/2 29/164/2 73/144/2 141/143/2
f 127/165/4 60/166/4 71/140/4 139/139/4
f 143/167/4 75/168/4 70/169/4 138/170/4
f 166/171/5 138/172/5 174/173/5 177/174/5
f 96/175/2 66/176/2 84/177/2 114/178/2
f 126/179/3 59/180/3 67/112/3 134/111/3
f 130/181/1 63/120/1 64/116/1 131/115/1
f 129/182/4 62/183/4 80/184/4 148/185/4
f 128/186/3 61/18/3 62/183/3 129/182/3
f 135/187/1 30/188/1 65/108/1 132/107/1
f 140/189/4 72/148/4 30/188/4 135/187/4
f 133/190/3 66/176/3 60/166/3 127/165/3
f 142/191/2 74/160/2 59/180/2 126/179/2
f 136/192/1 68/24/1 29/164/1 125/163/1
f 234/9/2 96/175/2 114/178/2 252/193/2
f 242/5/1 104/159/1 108/162/1 246/194/1
f 240/13/3 102/147/3 106/150/3 244/195/3
f 231/33/4 93/119/4 111/122/4 249/196/4
f 65/108/2 95/197/2 113/198/2 83/109/2
f 67/112/4 97/199/4 115/200/4 85/113/4
f 64/116/2 94/201/2 112/202/2 82/117/2
f 314/124/1 316/203/1 116/204/1 86/125/1
f 300/128/1 302/205/1 111/206/1 81/129/1
f 470/132/3 472/207/3 109/208/3 79/133/3
f 456/136/3 458/209/3 114/210/3 84/137/3
f 71/140/1 101/211/1 105/212/1 75/141/1
f 73/144/3 103/213/3 107/214/3 77/145/3
f 692/152/2 694/215/2 108/216/2 78/153/2
f 69/156/4 99/217/4 106/218/4 76/157/4
f 29/164/2 90/219/2 103/213/2 73/144/2
f 60/166/4 88/220/4 101/211/4 71/140/4
f 75/168/4 105/221/4 100/222/4 70/169/4
f 158/223/4 159/224/4 99/217/4 69/156/4
f 59/180/3 89/225/3 97/199/3 67/112/3
f 63/120/1 93/119/1 94/201/1 64/116/1
f 62/183/4 92/226/4 110/227/4 80/184/4
f 61/18/3 91/17/3 92/226/3 62/183/3
f 236/1/4 98/23/4 116/26/4 254/228/4
f 30/188/1 87/229/1 95/197/1 65/108/1
f 229/27/2 91/17/2 109/20/2 247/230/2
f 72/148/4 102/147/4 87/229/4 30/188/4
f 66/176/3 96/175/3 88/220/3 60/166/3
f 74/160/2 104/159/2 89/225/2 59/180/2
f 68/24/1 98/23/1 90/219/1 29/164/1
f 164/231/4 165/232/4 123/233/4 121/234/4
f 121/234/4 123/233/4 124/235/4 122/236/4
f 164/237/6 121/238/6 170/239/6 169/240/6
f 122/241/7 158/242/7 167/243/7 171/244/7
f 258/245/4 163/246/4 117/247/4 255/248/4
f 255/248/4 117/247/4 118/249/4 256/250/4
f 208/251/4 155/252/4 156/253/4 209/254/4
f 212/255/4 166/256/4 155/252/4 208/251/4
f 189/103/1 136/192/1 125/163/1 179/257/1
f 195/55/2 142/191/2 126/179/2 180/258/2
f 187/39/3 133/190/3 127/165/3 181/259/3
f 193/65/4 140/189/4 135/187/4 210/260/4
f 210/260/1 135/187/1 132/107/1 186/261/1
f 182/99/3 128/186/3 129/182/3 183/262/3
f 183/262/4 129/182/4 148/185/4 201/263/4
f 184/89/1 130/181/1 131/115/1 185/264/1
f 180/258/3 126/179/3 134/111/3 188/265/3
f 211/266/4 161/267/4 137/155/4 190/268/4
f 196/269/4 143/167/4 138/170/4 191/270/4
f 181/259/4 127/165/4 139/139/4 192/271/4
f 179/257/2 125/163/2 141/143/2 194/272/2
f 190/268/4 137/155/4 144/158/4 197/273/4
f 698/274/2 696/151/2 146/154/2 199/275/2
f 194/272/3 141/143/3 145/146/3 198/276/3
f 192/271/1 139/139/1 143/142/1 196/277/1
f 462/278/3 460/135/3 152/138/3 205/279/3
f 476/280/3 474/131/3 147/134/3 200/281/3
f 306/282/1 304/127/1 149/130/1 202/283/1
f 320/284/1 318/123/1 154/126/1 207/285/1
f 185/264/2 131/115/2 150/118/2 203/286/2
f 188/265/4 134/111/4 153/114/4 206/287/4
f 186/261/2 132/107/2 151/110/2 204/288/2
f 68/24/4 136/192/4 154/289/4 86/25/4
f 61/18/2 128/186/2 147/290/2 79/19/2
f 63/120/4 130/181/4 149/291/4 81/121/4
f 72/148/3 140/189/3 144/292/3 76/149/3
f 74/160/1 142/191/1 146/293/1 78/161/1
f 66/176/2 133/190/2 152/294/2 84/177/2
f 209/254/4 156/253/4 161/267/4 211/266/4
f 122/236/4 124/235/4 159/224/4 158/223/4
f 156/295/5 155/296/5 175/297/5 176/298/5
f 256/250/4 118/249/4 157/44/4 257/43/4
f 191/270/4 138/170/4 166/256/4 212/255/4
f 238/50/4 32/49/4 163/246/4 258/245/4
f 161/299/5 156/295/5 176/298/5 178/300/5
f 70/169/4 100/222/4 165/232/4 164/231/4
f 178/301/4 167/302/4 168/303/4 172/304/4
f 177/305/4 169/306/4 170/307/4 175/308/4
f 175/308/4 170/307/4 171/309/4 176/310/4
f 176/310/4 171/309/4 167/302/4 178/301/4
f 174/311/4 173/312/4 169/306/4 177/305/4
f 69/313/3 137/314/3 172/315/3 168/316/3
f 137/314/5 161/299/5 178/300/5 172/315/5
f 155/296/5 166/171/5 177/174/5 175/297/5
f 121/238/8 122/241/8 171/244/8 170/239/8
f 158/242/9 69/313/9 168/316/9 167/243/9
f 138/317/1 70/318/1 173/319/1 174/320/1
f 70/318/10 164/237/10 169/240/10 173/319/10
f 191/321/5 212/322/5 224/323/5 215/324/5
f 160/325/8 119/326/8 219/327/8 218/328/8
f 16/329/2 186/261/2 204/288/2 54/330/2
f 19/331/4 188/265/4 206/287/4 58/332/4
f 9/333/2 185/264/2 203/286/2 44/334/2
f 309/335/1 320/284/1 207/285/1 43/336/1
f 297/337/1 306/282/1 202/283/1 53/338/1
f 467/339/3 476/280/3 200/281/3 55/340/3
f 451/341/3 462/278/3 205/279/3 47/342/3
f 26/343/1 192/271/1 196/277/1 40/344/1
f 22/345/3 194/272/3 198/276/3 36/346/3
f 687/347/2 698/274/2 199/275/2 35/348/2
f 34/349/4 190/268/4 197/273/4 39/350/4
f 3/351/2 179/257/2 194/272/2 22/345/2
f 5/352/4 181/259/4 192/271/4 26/343/4
f 40/353/4 196/269/4 191/270/4 33/354/4
f 208/355/5 209/356/5 222/357/5 221/358/5
f 7/359/3 180/258/3 188/265/3 19/331/3
f 10/90/1 184/89/1 185/264/1 9/333/1
f 13/360/4 183/262/4 201/263/4 48/361/4
f 14/100/3 182/99/3 183/262/3 13/360/3
f 1/362/1 210/260/1 186/261/1 16/329/1
f 25/66/4 193/65/4 210/260/4 1/362/4
f 18/40/3 187/39/3 181/259/3 5/352/3
f 21/56/2 195/55/2 180/258/2 7/359/2
f 20/104/1 189/103/1 179/257/1 3/351/1
f 33/363/3 191/321/3 215/324/3 216/364/3
f 162/365/8 33/366/8 216/367/8 217/368/8
f 136/192/4 189/103/4 207/106/4 154/289/4
f 128/186/2 182/99/2 200/102/2 147/290/2
f 130/181/4 184/89/4 202/92/4 149/291/4
f 140/189/3 193/65/3 197/68/3 144/292/3
f 142/191/1 195/55/1 199/58/1 146/293/1
f 133/190/2 187/39/2 205/42/2 152/294/2
f 216/367/4 215/369/4 224/370/4 217/368/4
f 219/327/4 222/371/4 223/372/4 218/328/4
f 218/328/4 223/372/4 213/373/4 214/374/4
f 217/368/4 224/370/4 221/375/4 220/376/4
f 220/376/4 221/375/4 222/371/4 219/327/4
f 119/326/8 120/377/8 220/376/8 219/327/8
f 209/356/5 211/378/5 223/379/5 222/357/5
f 190/380/1 34/381/1 214/374/1 213/382/1
f 212/322/5 208/355/5 221/358/5 224/323/5
f 34/381/8 160/325/8 218/328/8 214/374/8
f 211/378/5 190/380/5 213/382/5 223/379/5
f 120/377/8 162/365/8 217/368/8 220/376/8
f 238/383/11 258/384/11 270/385/11 273/386/11
f 124/387/8 123/388/8 277/389/8 278/390/8
f 258/384/12 255/391/12 267/392/12 270/385/12
f 165/393/13 100/394/13 274/395/13 276/396/13
f 15/28/2 229/27/2 247/230/2 50/397/2
f 642/2/4 236/1/4 254/228/4 57/398/4
f 11/34/4 231/33/4 249/196/4 46/399/4
f 28/14/3 240/13/3 244/195/3 42/400/3
f 24/6/1 242/5/1 246/194/1 38/401/1
f 643/10/2 234/9/2 252/193/2 52/402/2
f 95/197/2 233/22/2 251/98/2 113/198/2
f 97/199/4 235/38/4 253/96/4 115/200/4
f 94/201/2 232/36/2 250/94/2 112/202/2
f 316/203/1 322/85/1 254/88/1 116/204/1
f 302/205/1 308/81/1 249/84/1 111/206/1
f 472/207/3 478/77/3 247/80/3 109/208/3
f 458/209/3 464/73/3 252/76/3 114/210/3
f 101/211/1 239/52/1 243/72/1 105/212/1
f 103/213/3 241/54/3 245/70/3 107/214/3
f 694/215/2 700/61/2 246/64/2 108/216/2
f 99/217/4 237/46/4 244/60/4 106/218/4
f 90/219/2 228/4/2 241/54/2 103/213/2
f 88/220/4 226/12/4 239/52/4 101/211/4
f 105/221/4 243/47/4 238/50/4 100/222/4
f 99/403/8 159/404/8 275/405/8 272/406/8
f 89/225/3 227/8/3 235/38/3 97/199/3
f 93/119/1 231/33/1 232/36/1 94/201/1
f 92/226/4 230/30/4 248/32/4 110/227/4
f 91/17/3 229/27/3 230/30/3 92/226/3
f 87/229/1 225/16/1 233/22/1 95/197/1
f 102/147/4 240/13/4 225/16/4 87/229/4
f 96/175/3 234/9/3 226/12/3 88/220/3
f 104/159/2 242/5/2 227/8/2 89/225/2
f 98/23/1 236/1/1 228/4/1 90/219/1
f 282/407/8 280/408/8 292/409/8 294/410/8
f 259/411/5 263/412/5 287/413/5 283/414/5
f 263/412/5 262/415/5 286/416/5 287/413/5
f 280/408/14 281/417/14 293/418/14 292/409/14
f 260/419/1 266/420/1 290/421/1 284/422/1
f 257/423/15 237/424/15 271/425/15 269/426/15
f 237/424/1 99/403/1 272/406/1 271/425/1
f 256/427/16 257/423/16 269/426/16 268/428/16
f 159/404/8 124/387/8 278/390/8 275/405/8
f 100/394/3 238/383/3 273/386/3 274/395/3
f 255/391/5 256/427/5 268/428/5 267/392/5
f 123/388/17 165/393/17 276/396/17 277/389/17
f 259/411/4 265/429/4 271/430/4 272/431/4
f 266/420/4 260/419/4 274/432/4 273/433/4
f 263/412/4 259/411/4 272/431/4 275/434/4
f 264/435/4 261/436/4 277/437/4 276/438/4
f 261/436/4 262/415/4 278/439/4 277/437/4
f 262/415/4 263/412/4 275/434/4 278/439/4
f 260/419/4 264/435/4 276/438/4 274/432/4
f 279/440/4 266/420/4 273/433/4 270/441/4
f 281/417/4 280/408/4 268/442/4 269/443/4
f 280/408/4 282/407/4 267/444/4 268/442/4
f 282/407/4 279/440/4 270/441/4 267/444/4
f 265/429/4 281/417/4 269/443/4 271/430/4
f 284/445/4 290/446/4 291/447/4 288/448/4
f 286/449/4 292/450/4 293/451/4 287/452/4
f 285/453/4 294/454/4 292/450/4 286/449/4
f 288/448/4 291/447/4 294/454/4 285/453/4
f 287/452/4 293/451/4 289/455/4 283/456/4
f 264/435/18 260/419/18 284/457/18 288/458/18
f 261/436/19 264/435/19 288/458/19 285/459/19
f 279/440/20 282/407/20 294/410/20 291/460/20
f 265/429/3 259/411/3 283/461/3 289/462/3
f 266/420/21 279/440/21 291/460/21 290/463/21
f 262/415/5 261/436/5 285/459/5 286/416/5
f 281/417/22 265/429/22 289/464/22 293/418/22
f 113/465/1 251/466/1 307/467/1 301/468/1
f 302/469/8 339/470/8 363/471/8 364/472/8
f 54/473/1 204/474/1 305/475/1 298/476/1
f 343/477/1 341/478/1 306/282/1 297/337/1
f 204/474/1 151/479/1 303/480/1 305/475/1
f 341/478/1 340/481/1 304/127/1 306/282/1
f 83/482/1 113/465/1 301/468/1 299/483/1
f 338/484/1 339/485/1 302/205/1 300/128/1
f 151/479/1 83/482/1 299/483/1 303/480/1
f 340/481/1 338/484/1 300/128/1 304/127/1
f 251/466/1 45/486/1 295/487/1 307/467/1
f 342/488/1 337/489/1 296/82/1 308/81/1
f 112/490/1 250/491/1 321/492/1 315/493/1
f 393/494/8 411/495/8 433/496/8 434/497/8
f 44/498/1 203/499/1 319/500/1 310/501/1
f 407/502/1 405/503/1 320/284/1 309/335/1
f 203/499/1 150/504/1 317/505/1 319/500/1
f 405/503/1 404/506/1 318/123/1 320/284/1
f 82/507/1 112/490/1 315/493/1 313/508/1
f 402/509/1 403/510/1 316/203/1 314/124/1
f 150/504/1 82/507/1 313/508/1 317/505/1
f 404/506/1 402/509/1 314/124/1 318/123/1
f 250/491/1 56/511/1 311/512/1 321/492/1
f 406/513/1 401/514/1 312/86/1 322/85/1
f 350/515/1 345/516/1 323/517/1 335/518/1
f 335/518/1 323/517/1 324/519/1 336/520/1
f 348/521/1 346/522/1 327/523/1 331/524/1
f 331/524/1 327/523/1 328/525/1 332/526/1
f 346/522/1 347/527/1 329/528/1 327/523/1
f 327/523/1 329/528/1 330/529/1 328/525/1
f 349/530/1 348/521/1 331/524/1 333/531/1
f 333/531/1 331/524/1 332/526/1 334/532/1
f 344/533/1 349/530/1 333/531/1 326/534/1
f 326/534/1 333/531/1 334/532/1 325/535/1
f 342/536/23 308/537/23 366/538/23 365/539/23
f 339/470/8 330/540/8 371/541/8 363/471/8
f 336/520/1 324/519/1 337/489/1 342/488/1
f 332/526/1 328/525/1 338/484/1 340/481/1
f 328/525/1 330/529/1 339/485/1 338/484/1
f 334/532/1 332/526/1 340/481/1 341/478/1
f 325/535/1 334/532/1 341/478/1 343/477/1
f 330/540/8 329/542/8 370/543/8 371/541/8
f 336/544/24 342/536/24 365/539/24 374/545/24
f 298/476/1 305/475/1 349/530/1 344/533/1
f 305/475/1 303/480/1 348/521/1 349/530/1
f 299/483/1 301/468/1 347/527/1 346/522/1
f 303/480/1 299/483/1 346/522/1 348/521/1
f 307/467/1 295/487/1 345/516/1 350/515/1
f 356/546/5 355/547/5 379/548/5 380/549/5
f 359/550/5 356/546/5 380/549/5 383/551/5
f 360/552/25 354/553/25 378/554/25 384/555/25
f 353/556/26 362/557/26 386/558/26 377/559/26
f 355/547/5 361/560/5 385/561/5 379/548/5
f 301/562/4 307/563/4 367/564/4 368/565/4
f 350/566/27 335/567/27 373/568/27 372/569/27
f 307/570/28 350/566/28 372/569/28 367/564/28
f 308/571/2 302/572/2 364/472/2 366/538/2
f 329/542/8 347/573/8 369/574/8 370/543/8
f 347/573/8 301/575/8 368/565/8 369/574/8
f 335/567/5 336/544/5 374/545/5 373/568/5
f 359/550/1 352/576/1 364/472/1 363/471/1
f 354/553/1 360/552/1 365/539/1 366/538/1
f 353/556/1 351/577/1 368/565/1 367/564/1
f 352/576/1 354/553/1 366/538/1 364/472/1
f 361/560/1 355/547/1 370/543/1 369/574/1
f 355/547/1 356/546/1 371/541/1 370/543/1
f 357/578/1 362/557/1 372/569/1 373/568/1
f 358/579/1 357/578/1 373/568/1 374/545/1
f 356/546/1 359/550/1 363/471/1 371/541/1
f 360/552/1 358/579/1 374/545/1 365/539/1
f 351/577/1 361/560/1 369/574/1 368/565/1
f 362/557/1 353/556/1 367/564/1 372/569/1
f 383/551/1 384/555/1 378/554/1 376/580/1
f 385/561/1 386/558/1 381/581/1 379/548/1
f 379/548/1 381/581/1 382/582/1 380/549/1
f 380/549/1 382/582/1 384/555/1 383/551/1
f 375/583/1 377/559/1 386/558/1 385/561/1
f 351/577/2 353/556/2 377/559/2 375/583/2
f 358/579/29 360/552/29 384/555/29 382/582/29
f 362/557/30 357/578/30 381/581/30 386/558/30
f 354/553/4 352/576/4 376/580/4 378/554/4
f 361/560/5 351/577/5 375/583/5 385/561/5
f 352/576/5 359/550/5 383/551/5 376/580/5
f 357/578/8 358/579/8 382/582/8 381/581/8
f 414/584/1 409/585/1 389/586/1 399/587/1
f 399/587/1 389/586/1 390/588/1 400/589/1
f 412/590/1 410/591/1 391/592/1 395/593/1
f 395/593/1 391/592/1 392/594/1 396/595/1
f 410/591/1 411/596/1 393/597/1 391/592/1
f 391/592/1 393/597/1 394/598/1 392/594/1
f 413/599/1 412/590/1 395/593/1 397/600/1
f 397/600/1 395/593/1 396/595/1 398/601/1
f 408/602/1 413/599/1 397/600/1 388/603/1
f 388/603/1 397/600/1 398/601/1 387/604/1
f 321/605/31 414/606/31 436/607/31 431/608/31
f 414/606/32 399/609/32 437/610/32 436/607/32
f 400/589/1 390/588/1 401/514/1 406/513/1
f 396/595/1 392/594/1 402/509/1 404/506/1
f 392/594/1 394/598/1 403/510/1 402/509/1
f 398/601/1 396/595/1 404/506/1 405/503/1
f 387/604/1 398/601/1 405/503/1 407/502/1
f 315/611/4 321/612/4 431/608/4 432/613/4
f 316/614/8 403/615/8 427/616/8 428/617/8
f 310/501/1 319/500/1 413/599/1 408/602/1
f 319/500/1 317/505/1 412/590/1 413/599/1
f 313/508/1 315/493/1 411/596/1 410/591/1
f 317/505/1 313/508/1 410/591/1 412/590/1
f 321/492/1 311/512/1 409/585/1 414/584/1
f 416/618/5 415/619/5 444/620/5 447/621/5
f 421/622/5 420/623/5 450/624/5 446/625/5
f 418/626/4 416/618/4 447/621/4 448/627/4
f 424/628/33 425/629/33 439/630/33 445/631/33
f 426/632/34 417/633/34 443/634/34 441/635/34
f 322/636/2 316/637/2 428/617/2 430/638/2
f 411/495/8 315/639/8 432/613/8 433/496/8
f 399/609/5 400/640/5 438/641/5 437/610/5
f 400/640/35 406/642/35 429/643/35 438/641/35
f 394/644/8 393/494/8 434/497/8 435/645/8
f 403/615/8 394/644/8 435/645/8 427/616/8
f 406/642/36 322/646/36 430/638/36 429/643/36
f 415/619/1 416/618/1 428/617/1 427/616/1
f 418/626/1 417/633/1 429/643/1 430/638/1
f 419/647/1 420/623/1 432/613/1 431/608/1
f 416/618/1 418/626/1 430/638/1 428/617/1
f 421/622/1 422/648/1 434/497/1 433/496/1
f 422/648/1 423/649/1 435/645/1 434/497/1
f 425/629/1 424/628/1 436/607/1 437/610/1
f 426/632/1 425/629/1 437/610/1 438/641/1
f 423/649/1 415/619/1 427/616/1 435/645/1
f 417/633/1 426/632/1 438/641/1 429/643/1
f 420/623/1 421/622/1 433/496/1 432/613/1
f 424/628/1 419/647/1 431/608/1 436/607/1
f 444/650/1 443/651/1 448/652/1 447/653/1
f 446/654/1 445/655/1 439/656/1 440/657/1
f 440/657/1 439/656/1 441/658/1 442/659/1
f 442/659/1 441/658/1 443/651/1 444/650/1
f 450/660/1 449/661/1 445/655/1 446/654/1
f 425/629/8 426/632/8 441/635/8 439/630/8
f 422/648/5 421/622/5 446/625/5 440/662/5
f 419/647/37 424/628/37 445/631/37 449/663/37
f 417/633/38 418/626/38 448/627/38 443/634/38
f 415/619/5 423/649/5 442/664/5 444/620/5
f 423/649/5 422/648/5 440/662/5 442/664/5
f 420/623/2 419/647/2 449/663/2 450/624/2
f 110/665/3 248/666/3 463/667/3 457/668/3
f 514/669/8 513/670/8 578/671/8 579/672/8
f 48/673/3 201/674/3 461/675/3 452/676/3
f 527/677/3 525/678/3 462/278/3 451/341/3
f 201/674/3 148/679/3 459/680/3 461/675/3
f 525/678/3 524/681/3 460/135/3 462/278/3
f 80/682/3 110/665/3 457/668/3 455/683/3
f 522/684/3 523/685/3 458/209/3 456/136/3
f 148/679/3 80/682/3 455/683/3 459/680/3
f 524/681/3 522/684/3 456/136/3 460/135/3
f 248/666/3 51/686/3 453/687/3 463/667/3
f 526/688/3 521/689/3 454/74/3 464/73/3
f 115/690/3 253/691/3 477/692/3 471/693/3
f 486/694/8 485/695/8 572/696/8 573/697/8
f 58/698/3 206/699/3 475/700/3 468/701/3
f 499/702/3 497/703/3 476/280/3 467/339/3
f 206/699/3 153/704/3 473/705/3 475/700/3
f 497/703/3 496/706/3 474/131/3 476/280/3
f 85/707/3 115/690/3 471/693/3 469/708/3
f 494/709/3 495/710/3 472/207/3 470/132/3
f 153/704/3 85/707/3 469/708/3 473/705/3
f 496/706/3 494/709/3 470/132/3 474/131/3
f 253/691/3 49/711/3 465/712/3 477/692/3
f 498/713/3 493/714/3 466/78/3 478/77/3
f 506/715/3 501/716/3 479/717/3 491/718/3
f 491/718/3 479/717/3 480/719/3 492/720/3
f 504/721/3 502/722/3 483/723/3 487/724/3
f 487/724/3 483/723/3 484/725/3 488/726/3
f 502/722/3 503/727/3 485/728/3 483/723/3
f 483/723/3 485/728/3 486/729/3 484/725/3
f 505/730/3 504/721/3 487/724/3 489/731/3
f 489/731/3 487/724/3 488/726/3 490/732/3
f 500/733/3 505/730/3 489/731/3 482/734/3
f 482/734/3 489/731/3 490/732/3 481/735/3
f 458/736/8 523/737/8 559/738/8 560/739/8
f 457/740/2 463/741/2 563/742/2 564/743/2
f 492/720/3 480/719/3 493/714/3 498/713/3
f 488/726/3 484/725/3 494/709/3 496/706/3
f 484/725/3 486/729/3 495/710/3 494/709/3
f 490/732/3 488/726/3 496/706/3 497/703/3
f 481/735/3 490/732/3 497/703/3 499/702/3
f 513/670/8 531/744/8 577/745/8 578/671/8
f 485/695/8 503/746/8 571/747/8 572/696/8
f 468/701/3 475/700/3 505/730/3 500/733/3
f 475/700/3 473/705/3 504/721/3 505/730/3
f 469/708/3 471/693/3 503/727/3 502/722/3
f 473/705/3 469/708/3 502/722/3 504/721/3
f 477/692/3 465/712/3 501/716/3 506/715/3
f 534/748/3 529/749/3 509/750/3 519/751/3
f 519/751/3 509/750/3 510/752/3 520/753/3
f 532/754/3 530/755/3 511/756/3 515/757/3
f 515/757/3 511/756/3 512/758/3 516/759/3
f 530/755/3 531/760/3 513/761/3 511/756/3
f 511/756/3 513/761/3 514/762/3 512/758/3
f 533/763/3 532/754/3 515/757/3 517/764/3
f 517/764/3 515/757/3 516/759/3 518/765/3
f 528/766/3 533/763/3 517/764/3 508/767/3
f 508/767/3 517/764/3 518/765/3 507/768/3
f 523/737/8 514/669/8 579/672/8 559/738/8
f 495/769/8 486/694/8 573/697/8 565/770/8
f 520/753/3 510/752/3 521/689/3 526/688/3
f 516/759/3 512/758/3 522/684/3 524/681/3
f 512/758/3 514/762/3 523/685/3 522/684/3
f 518/765/3 516/759/3 524/681/3 525/678/3
f 507/768/3 518/765/3 525/678/3 527/677/3
f 519/771/5 520/772/5 582/773/5 581/774/5
f 491/775/5 492/776/5 576/777/5 575/778/5
f 452/676/3 461/675/3 533/763/3 528/766/3
f 461/675/3 459/680/3 532/754/3 533/763/3
f 455/683/3 457/668/3 531/760/3 530/755/3
f 459/680/3 455/683/3 530/755/3 532/754/3
f 463/667/3 453/687/3 529/749/3 534/748/3
f 545/779/39 550/780/39 589/781/39 605/782/39
f 536/783/5 535/784/5 596/785/5 599/786/5
f 553/787/5 540/788/5 602/789/5 598/790/5
f 544/791/2 542/792/2 603/793/2 604/794/2
f 547/795/5 546/796/5 606/797/5 590/798/5
f 558/799/40 537/800/40 595/801/40 593/802/40
f 546/796/4 545/779/4 605/803/4 606/804/4
f 552/805/40 543/806/40 587/807/40 585/808/40
f 535/784/5 555/809/5 594/810/5 596/785/5
f 543/806/41 544/791/41 604/811/41 587/807/41
f 464/812/4 458/813/4 560/739/4 562/814/4
f 477/815/42 506/816/42 574/817/42 569/818/42
f 463/819/42 534/820/42 580/821/42 563/742/42
f 492/776/43 498/822/43 567/823/43 576/777/43
f 520/772/43 526/824/43 561/825/43 582/773/43
f 498/822/44 478/826/44 568/827/44 567/823/44
f 471/828/2 477/829/2 569/818/2 570/830/2
f 472/831/8 495/769/8 565/770/8 566/832/8
f 478/833/4 472/834/4 566/832/4 568/827/4
f 506/816/45 491/775/45 575/778/45 574/817/45
f 534/820/45 519/771/45 581/774/45 580/821/45
f 503/746/8 471/835/8 570/830/8 571/747/8
f 531/744/8 457/836/8 564/743/8 577/745/8
f 526/824/44 464/837/44 562/814/44 561/825/44
f 535/784/3 536/783/3 560/739/3 559/738/3
f 538/838/3 537/800/3 561/825/3 562/814/3
f 539/839/3 540/788/3 564/743/3 563/742/3
f 536/783/3 538/838/3 562/814/3 560/739/3
f 541/840/3 542/792/3 566/832/3 565/770/3
f 544/791/3 543/806/3 567/823/3 568/827/3
f 545/779/3 546/796/3 570/830/3 569/818/3
f 542/792/3 544/791/3 568/827/3 566/832/3
f 547/795/3 548/841/3 572/696/3 571/747/3
f 548/841/3 549/842/3 573/697/3 572/696/3
f 551/843/3 550/780/3 574/817/3 575/778/3
f 552/805/3 551/843/3 575/778/3 576/777/3
f 549/842/3 541/840/3 565/770/3 573/697/3
f 543/806/3 552/805/3 576/777/3 567/823/3
f 546/796/3 547/795/3 571/747/3 570/830/3
f 550/780/3 545/779/3 569/818/3 574/817/3
f 553/787/3 554/844/3 578/671/3 577/745/3
f 554/844/3 555/809/3 579/672/3 578/671/3
f 557/845/3 556/846/3 580/821/3 581/774/3
f 558/799/3 557/845/3 581/774/3 582/773/3
f 555/809/3 535/784/3 559/738/3 579/672/3
f 537/800/3 558/799/3 582/773/3 561/825/3
f 540/788/3 553/787/3 577/745/3 564/743/3
f 556/846/3 539/839/3 563/742/3 580/821/3
f 596/847/3 595/848/3 600/849/3 599/850/3
f 588/851/3 587/852/3 604/794/3 603/793/3
f 590/853/3 589/854/3 583/855/3 584/856/3
f 584/856/3 583/855/3 585/857/3 586/858/3
f 586/858/3 585/857/3 587/852/3 588/851/3
f 606/859/3 605/860/3 589/854/3 590/853/3
f 598/861/3 597/862/3 591/863/3 592/864/3
f 592/864/3 591/863/3 593/865/3 594/866/3
f 594/866/3 593/865/3 595/848/3 596/847/3
f 602/867/3 601/868/3 597/862/3 598/861/3
f 548/841/5 547/795/5 590/798/5 584/869/5
f 539/839/39 556/846/39 597/870/39 601/871/39
f 537/800/41 538/838/41 600/872/41 595/801/41
f 554/844/5 553/787/5 598/790/5 592/873/5
f 549/842/5 548/841/5 584/869/5 586/874/5
f 540/788/4 539/839/4 601/875/4 602/876/4
f 555/809/5 554/844/5 592/873/5 594/810/5
f 550/780/46 551/843/46 583/877/46 589/781/46
f 538/838/2 536/783/2 599/878/2 600/879/2
f 556/846/46 557/845/46 591/880/46 597/870/46
f 551/843/8 552/805/8 585/808/8 583/877/8
f 542/792/5 541/840/5 588/881/5 603/882/5
f 557/845/8 558/799/8 593/802/8 591/880/8
f 541/840/5 549/842/5 586/874/5 588/881/5
f 15/883/5 50/884/5 51/885/5 644/886/5
f 12/887/5 11/888/5 46/889/5 56/890/5
f 647/891/4 612/892/4 638/893/4 639/894/4
f 648/895/2 609/896/2 620/897/2 623/898/2
f 631/899/5 629/900/5 624/901/5 633/902/5
f 681/903/47 678/904/47 619/905/47 609/896/47
f 466/906/8 493/907/8 480/908/8 479/909/8 501/910/8 465/911/8 49/912/8 645/913/8 15/914/8 50/915/8
f 679/916/2 681/903/2 609/896/2 648/895/2
f 682/917/2 680/918/2 608/919/2 615/920/2
f 677/921/48 682/917/48 615/920/48 618/922/48
f 454/923/8 521/924/8 510/925/8 509/926/8 529/927/8 453/928/8 51/929/8 644/930/8 643/931/8 52/932/8
f 296/933/8 337/934/8 324/935/8 323/936/8 345/937/8 295/938/8 45/939/8 17/940/8 11/941/8 46/942/8
f 312/943/8 401/944/8 390/945/8 389/946/8 409/947/8 311/948/8 56/949/8 12/950/8 642/951/8 57/952/8
f 612/892/4 616/953/4 638/893/4
f 2/954/4 28/955/4 628/956/4 650/957/4
f 27/958/4 6/959/4 630/960/4 629/900/4
f 634/961/49 635/962/49 626/963/49
f 157/964/50 118/965/50 117/966/50 163/967/50 32/968/50 41/969/50 27/958/50 637/970/50 636/971/50 28/955/50 42/972/50 31/973/50
f 632/974/4 628/956/4 28/955/4 636/971/4
f 629/900/4 631/899/4 637/970/4 27/958/4
f 631/899/4 632/974/4 636/971/4 637/970/4
f 624/975/49 617/976/49 633/977/49
f 628/956/5 632/974/5 634/978/5 626/979/5
f 631/899/4 616/953/4 612/892/4 632/974/4
f 612/892/51 635/980/51 634/981/51 632/974/51
f 633/982/52 617/983/52 616/953/52 631/899/52
f 616/953/4 611/984/4 652/985/4 638/893/4
f 615/920/2 608/919/2 653/986/2 620/897/2
f 660/987/53 641/988/53 710/989/53 720/990/53
f 641/988/54 623/991/54 620/992/54 732/993/54
f 622/994/55 652/995/55 663/996/55 658/997/55
f 11/941/8 17/940/8 666/998/8 646/999/8
f 6/1000/8 643/1001/8 627/1002/8 625/1003/8
f 650/957/4 647/891/4 669/1004/4 674/1005/4
f 643/931/8 644/930/8 613/1006/8 627/1007/8
f 639/1008/56 640/1009/56 676/1010/56 671/1011/56
f 630/960/4 6/959/4 625/1012/4 662/1013/4
f 4/1014/8 642/1015/8 651/1016/8 649/1017/8
f 623/991/55 641/988/55 660/987/55 659/1018/55
f 2/954/4 650/957/4 674/1005/4 665/1019/4
f 607/1020/57 684/1021/57 718/1022/57 715/1023/57
f 680/918/2 4/1024/2 649/1025/2 686/1026/2
f 653/986/2 608/919/2 668/1027/2 675/1028/2
f 645/1029/8 8/1030/8 610/1031/8 607/1020/8
f 655/1032/58 654/1033/58 658/997/58 663/996/58
f 684/1021/59 683/1034/59 656/1035/59 657/1036/59
f 662/1037/59 661/1038/59 654/1033/59 655/1032/59
f 673/1039/60 670/1040/60 726/1041/60 725/1042/60
f 625/1003/59 627/1002/59 661/1038/59 662/1037/59
f 657/1036/58 656/1035/58 659/1018/58 660/987/58
f 685/1043/61 651/1016/61 729/1044/61 727/1045/61
f 15/914/8 645/913/8 607/1046/8 614/1047/8
f 611/984/4 630/960/4 662/1013/4 655/1048/4
f 648/895/2 623/898/2 659/1049/2 656/1050/2
f 644/930/8 15/914/8 614/1047/8 613/1006/8
f 679/916/2 648/895/2 656/1050/2 683/1051/2
f 652/985/4 611/984/4 655/1048/4 663/1052/4
f 673/1039/62 674/1053/62 669/1054/62 670/1040/62
f 686/1055/62 685/1043/62 667/1056/62 668/1057/62
f 613/1058/63 614/1059/63 711/1060/63 712/1061/63
f 668/1057/64 667/1056/64 672/1062/64 675/1063/64
f 666/1064/62 665/1065/62 674/1053/62 673/1039/62
f 666/1064/60 673/1039/60 725/1042/60 728/1066/60
f 670/1040/64 669/1054/64 671/1011/64 676/1010/64
f 12/950/8 11/941/8 646/999/8 664/1067/8
f 647/891/4 639/894/4 671/1068/4 669/1004/4
f 642/951/8 12/950/8 664/1067/8 651/1069/8
f 621/1070/56 653/1071/56 675/1063/56 672/1062/56
f 17/1072/8 2/1073/8 665/1065/8 666/1064/8
f 732/993/65 621/1070/65 708/1074/65 734/1075/65
f 649/1017/62 651/1016/62 685/1043/62 686/1055/62
f 8/1076/2 679/916/2 683/1051/2 610/1077/2
f 607/1020/59 610/1031/59 683/1034/59 684/1021/59
f 620/897/2 609/896/2 615/920/2
f 608/919/2 680/918/2 686/1026/2 668/1027/2
f 37/1078/8 23/1079/8 706/1080/8 689/1081/8
f 23/1079/2 4/1024/2 680/918/2 682/917/2
f 8/1076/2 24/1082/2 681/903/2 679/916/2
f 706/1080/2 23/1079/2 682/917/2 704/1083/2
f 703/1084/5 702/1085/5 678/1086/5 681/903/5
f 690/1087/8 705/1088/8 24/1082/8 38/1089/8
f 653/1071/66 621/1070/66 732/993/66 620/992/66
f 689/1081/8 706/1080/8 705/1088/8 690/1087/8
f 682/917/5 677/1090/5 701/1091/5 704/1092/5
f 615/920/2 609/896/2 703/1093/2 704/1083/2
f 24/1082/2 705/1088/2 703/1084/2 681/903/2
f 705/1088/2 706/1080/2 704/1083/2 703/1093/2
f 703/1084/67 609/896/67 619/1094/67 702/1085/67
f 107/1095/2 245/1096/2 699/1097/2 693/1098/2
f 693/1098/2 699/1097/2 700/61/2 694/215/2
f 36/1099/2 198/1100/2 697/1101/2 688/1102/2
f 688/1102/2 697/1101/2 698/274/2 687/347/2
f 198/1100/2 145/1103/2 695/1104/2 697/1101/2
f 697/1101/2 695/1104/2 696/151/2 698/274/2
f 77/1105/2 107/1095/2 693/1098/2 691/1106/2
f 691/1106/2 693/1098/2 694/215/2 692/152/2
f 145/1103/2 77/1105/2 691/1106/2 695/1104/2
f 695/1104/2 691/1106/2 692/152/2 696/151/2
f 245/1096/2 37/1107/2 689/1108/2 699/1097/2
f 699/1097/2 689/1108/2 690/62/2 700/61/2
f 615/1109/68 704/1110/68 701/1111/68 618/1112/68
f 618/1113/2 701/1114/2 677/1115/2
f 678/1116/2 702/1117/2 619/1118/2
f 733/1119/5 709/1120/5 710/1121/5 734/1122/5
f 710/1121/55 709/1120/55 714/1123/55 720/1124/55
f 711/1060/59 715/1125/59 718/1126/59 719/1127/59 713/1128/59 716/1129/59 717/1130/59 712/1061/59
f 713/1128/58 719/1127/58 720/1124/58 714/1123/58
f 721/1131/62 728/1132/62 725/1133/62 726/1134/62 723/1135/62 727/1136/62 729/1137/62 722/1138/62
f 723/1135/64 726/1134/64 730/1139/64 724/1140/64
f 707/1141/56 708/1142/56 724/1140/56 730/1139/56
f 664/1143/69 646/1144/69 721/1131/69 722/1138/69
f 731/1145/70 622/994/70 709/1146/70 733/1147/70
f 657/1036/71 660/987/71 720/990/71 719/1148/71
f 667/1056/61 685/1043/61 727/1045/61 723/1149/61
f 627/1150/63 613/1058/63 712/1061/63 717/1130/63
f 622/994/72 658/997/72 714/1151/72 709/1146/72
f 658/997/73 654/1033/73 713/1152/73 714/1151/73
f 621/1070/74 672/1062/74 724/1153/74 708/1074/74
f 646/1144/69 666/1154/69 728/1132/69 721/1131/69
f 676/1010/75 640/1009/75 707/1155/75 730/1156/75
f 651/1157/69 664/1143/69 722/1138/69 729/1137/69
f 654/1033/76 661/1038/76 716/1158/76 713/1152/76
f 614/1059/63 607/1159/63 715/1125/63 711/1060/63
f 684/1021/57 657/1036/57 719/1148/57 718/1022/57
f 672/1062/77 667/1056/77 723/1149/77 724/1153/77
f 670/1040/78 676/1010/78 730/1156/78 726/1041/78
f 661/1038/76 627/1002/76 717/1160/76 716/1158/76
f 640/1009/79 731/1145/79 733/1147/79 707/1155/79
f 707/1141/5 733/1119/5 734/1122/5 708/1142/5
f 641/988/80 732/993/80 734/1075/80 710/989/80
f 640/1009/66 639/1008/66 638/1161/66 731/1145/66
f 652/995/54 622/994/54 731/1145/54 638/1161/54
f 626/1162/81 635/1163/81 612/892/81 628/956/81
f 647/891/4 650/957/4 628/956/4 612/892/4
f 616/953/4 629/900/4 630/960/4 611/984/4
f 617/1164/82 624/1165/82 629/900/82 616/953/82
f 16/1166/8 54/1167/8 298/1168/8 344/1169/8 326/1170/8 325/1171/8 343/1172/8 297/1173/8 53/1174/8 10/1175/8 9/1176/8 44/1177/8 310/1178/8 408/1179/8 388/1180/8 387/1181/8 407/1182/8 309/1183/8 43/1184/8 20/1185/8 3/1186/8 22/1187/8 36/1188/8 688/1189/8 687/1190/8 35/1191/8 21/1192/8 7/1193/8 19/1194/8 58/1195/8 468/1196/8 500/1197/8 482/1198/8 481/1199/8 499/1200/8 467/1201/8 55/1202/8 14/1203/8 13/1204/8 48/1205/8 452/1206/8 528/1207/8 508/1208/8 507/1209/8 527/1210/8 451/1211/8 47/1212/8 18/1213/8 5/1214/8 26/1215/8 40/1216/8 33/1217/8 162/1218/8 120/1219/8 119/1220/8 160/1221/8 34/1222/8 39/1223/8 25/1224/8 1/1225/8
